-0.99452192E+00-0.99915361E-16 0.10452821E+00-0.98698983E-16 0.10000000E+01 0.16809418E-16-0.10452821E+00 0.64005069E-17-0.99452192E+00
-0.99452192E+00-0.98698983E-16-0.10452821E+00-0.99915361E-16 0.10000000E+01 0.64005069E-17 0.10452821E+00 0.16809418E-16-0.99452192E+00
-0.99452192E+00-0.99915361E-16 0.10452821E+00-0.98698983E-16 0.10000000E+01 0.16809418E-16-0.10452821E+00 0.64005069E-17-0.99452192E+00
-0.99452192E+00-0.98698983E-16-0.10452821E+00-0.99915361E-16 0.10000000E+01 0.64005069E-17 0.10452821E+00 0.16809418E-16-0.99452192E+00
-0.99452192E+00-0.99915361E-16 0.10452821E+00-0.98698983E-16 0.10000000E+01 0.16809418E-16-0.10452821E+00 0.64005069E-17-0.99452192E+00
-0.99452192E+00-0.98698983E-16-0.10452821E+00-0.99915361E-16 0.10000000E+01 0.64005069E-17 0.10452821E+00 0.16809418E-16-0.99452192E+00
-0.99452190E+00 0.99915362E-16-0.10452844E+00 0.98698979E-16 0.10000000E+01 0.16809455E-16 0.10452844E+00 0.64005209E-17-0.99452190E+00
-0.99452190E+00 0.98698979E-16 0.10452844E+00 0.99915362E-16 0.10000000E+01 0.64005209E-17-0.10452844E+00 0.16809455E-16-0.99452190E+00
-0.99452190E+00 0.99915362E-16-0.10452844E+00 0.98698979E-16 0.10000000E+01 0.16809455E-16 0.10452844E+00 0.64005209E-17-0.99452190E+00
-0.99452190E+00 0.98698979E-16 0.10452844E+00 0.99915362E-16 0.10000000E+01 0.64005209E-17-0.10452844E+00 0.16809455E-16-0.99452190E+00
-0.99452190E+00 0.99915362E-16-0.10452844E+00 0.98698979E-16 0.10000000E+01 0.16809455E-16 0.10452844E+00 0.64005209E-17-0.99452190E+00
-0.99452190E+00 0.98698979E-16 0.10452844E+00 0.99915362E-16 0.10000000E+01 0.64005209E-17-0.10452844E+00 0.16809455E-16-0.99452190E+00
-0.95105649E+00-0.44927898E-16 0.30901707E+00 0.17633561E-06 0.10000000E+01 0.54270507E-06-0.30901707E+00 0.57063389E-06-0.95105649E+00
-0.95105649E+00 0.17633561E-06-0.30901707E+00-0.44928030E-16 0.10000000E+01 0.57063389E-06 0.30901707E+00 0.54270507E-06-0.95105649E+00
-0.95105649E+00-0.66666787E-16 0.30901707E+00 0.17633561E-06 0.10000000E+01 0.54270507E-06-0.30901707E+00 0.57063389E-06-0.95105649E+00
-0.95105649E+00 0.17633561E-06-0.30901707E+00-0.66666681E-16 0.10000000E+01 0.57063389E-06 0.30901707E+00 0.54270507E-06-0.95105649E+00
-0.99452186E+00-0.20239768E-15 0.10452878E+00 0.62373692E-07 0.10000000E+01 0.59344423E-06-0.10452878E+00 0.59671311E-06-0.99452186E+00
-0.99452186E+00 0.62373692E-07-0.10452878E+00-0.20239750E-15 0.10000000E+01 0.59671311E-06 0.10452878E+00 0.59344423E-06-0.99452186E+00
-0.99452190E+00 0.99915362E-16-0.10452844E+00 0.98698979E-16 0.10000000E+01 0.16809455E-16 0.10452844E+00 0.64005209E-17-0.99452190E+00
-0.99452190E+00 0.98698979E-16 0.10452844E+00 0.99915362E-16 0.10000000E+01 0.64005209E-17-0.10452844E+00 0.16809455E-16-0.99452190E+00
-0.95105649E+00 0.10257685E-15-0.30901707E+00 0.91709209E-16 0.10000000E+01 0.49693734E-16 0.30901707E+00 0.18921838E-16-0.95105649E+00
-0.95105649E+00 0.91709209E-16 0.30901707E+00 0.10257685E-15 0.10000000E+01 0.18921838E-16-0.30901707E+00 0.49693734E-16-0.95105649E+00
-0.95105649E+00 0.10257685E-15-0.30901707E+00 0.91709209E-16 0.10000000E+01 0.49693734E-16 0.30901707E+00 0.18921838E-16-0.95105649E+00
-0.95105649E+00 0.91709209E-16 0.30901707E+00 0.10257685E-15 0.10000000E+01 0.18921838E-16-0.30901707E+00 0.49693734E-16-0.95105649E+00
-0.95105666E+00-0.10257684E-15 0.30901655E+00-0.91709236E-16 0.10000000E+01 0.49693651E-16-0.30901655E+00 0.18921806E-16-0.95105666E+00
-0.95105666E+00-0.91709236E-16-0.30901655E+00-0.10257684E-15 0.10000000E+01 0.18921806E-16 0.30901655E+00 0.49693651E-16-0.95105666E+00
-0.95105649E+00-0.88407370E-16 0.30901707E+00 0.17633561E-06 0.10000000E+01 0.54270507E-06-0.30901707E+00 0.57063389E-06-0.95105649E+00
-0.95105649E+00 0.17633561E-06-0.30901707E+00-0.88407423E-16 0.10000000E+01 0.57063389E-06 0.30901707E+00 0.54270507E-06-0.95105649E+00
-0.95105649E+00 0.10257685E-15-0.30901707E+00 0.91709209E-16 0.10000000E+01 0.49693734E-16 0.30901707E+00 0.18921838E-16-0.95105649E+00
-0.95105649E+00 0.91709209E-16 0.30901707E+00 0.10257685E-15 0.10000000E+01 0.18921838E-16-0.30901707E+00 0.49693734E-16-0.95105649E+00
-0.95105649E+00 0.10257685E-15-0.30901707E+00 0.91709209E-16 0.10000000E+01 0.49693734E-16 0.30901707E+00 0.18921838E-16-0.95105649E+00
-0.95105649E+00 0.91709209E-16 0.30901707E+00 0.10257685E-15 0.10000000E+01 0.18921838E-16-0.30901707E+00 0.49693734E-16-0.95105649E+00
-0.86602498E+00-0.10778353E-15 0.50000074E+00-0.78035098E-16 0.10000000E+01 0.80406251E-16-0.50000074E+00 0.30616215E-16-0.86602498E+00
-0.86602498E+00-0.78035098E-16-0.50000074E+00-0.10778353E-15 0.10000000E+01 0.30616215E-16 0.50000074E+00 0.80406251E-16-0.86602498E+00
-0.86602555E+00 0.10778349E-15-0.49999974E+00 0.78035191E-16 0.10000000E+01 0.80406091E-16 0.49999974E+00 0.30616154E-16-0.86602555E+00
-0.86602555E+00 0.78035191E-16 0.49999974E+00 0.10778349E-15 0.10000000E+01 0.30616154E-16-0.49999974E+00 0.80406091E-16-0.86602555E+00
-0.86602498E+00-0.10778353E-15 0.50000074E+00-0.78035098E-16 0.10000000E+01 0.80406251E-16-0.50000074E+00 0.30616215E-16-0.86602498E+00
-0.86602498E+00-0.78035098E-16-0.50000074E+00-0.10778353E-15 0.10000000E+01 0.30616215E-16 0.50000074E+00 0.80406251E-16-0.86602498E+00
-0.86602555E+00 0.10778349E-15-0.49999974E+00 0.78035191E-16 0.10000000E+01 0.80406091E-16 0.49999974E+00 0.30616154E-16-0.86602555E+00
-0.86602555E+00 0.78035191E-16 0.49999974E+00 0.10778349E-15 0.10000000E+01 0.30616154E-16-0.49999974E+00 0.80406091E-16-0.86602555E+00
-0.86602498E+00-0.10778353E-15 0.50000074E+00-0.78035098E-16 0.10000000E+01 0.80406251E-16-0.50000074E+00 0.30616215E-16-0.86602498E+00
-0.86602498E+00-0.78035098E-16-0.50000074E+00-0.10778353E-15 0.10000000E+01 0.30616215E-16 0.50000074E+00 0.80406251E-16-0.86602498E+00
-0.86602555E+00 0.10778349E-15-0.49999974E+00 0.78035191E-16 0.10000000E+01 0.80406091E-16 0.49999974E+00 0.30616154E-16-0.86602555E+00
-0.86602555E+00 0.78035191E-16 0.49999974E+00 0.10778349E-15 0.10000000E+01 0.30616154E-16-0.49999974E+00 0.80406091E-16-0.86602555E+00
-0.86602498E+00-0.10778353E-15 0.50000074E+00-0.78035098E-16 0.10000000E+01 0.80406251E-16-0.50000074E+00 0.30616215E-16-0.86602498E+00
-0.86602498E+00-0.78035098E-16-0.50000074E+00-0.10778353E-15 0.10000000E+01 0.30616215E-16 0.50000074E+00 0.80406251E-16-0.86602498E+00
-0.86602555E+00 0.10778349E-15-0.49999974E+00 0.78035191E-16 0.10000000E+01 0.80406091E-16 0.49999974E+00 0.30616154E-16-0.86602555E+00
-0.86602555E+00 0.78035191E-16 0.49999974E+00 0.10778349E-15 0.10000000E+01 0.30616154E-16-0.49999974E+00 0.80406091E-16-0.86602555E+00
-0.74314521E+00-0.11530775E-15 0.66913018E+00-0.58274524E-16 0.10000000E+01 0.10760434E-15-0.66913018E+00 0.40972407E-16-0.74314521E+00
-0.74314521E+00-0.58274524E-16-0.66913018E+00-0.11530775E-15 0.10000000E+01 0.40972407E-16 0.66913018E+00 0.10760434E-15-0.74314521E+00
-0.74314418E+00 0.11530781E-15-0.66913132E+00 0.58274359E-16 0.10000000E+01 0.10760452E-15 0.66913132E+00 0.40972477E-16-0.74314418E+00
-0.74314418E+00 0.58274359E-16 0.66913132E+00 0.11530781E-15 0.10000000E+01 0.40972477E-16-0.66913132E+00 0.10760452E-15-0.74314418E+00
-0.74314521E+00-0.11530775E-15 0.66913018E+00-0.58274524E-16 0.10000000E+01 0.10760434E-15-0.66913018E+00 0.40972407E-16-0.74314521E+00
-0.74314521E+00-0.58274524E-16-0.66913018E+00-0.11530775E-15 0.10000000E+01 0.40972407E-16 0.66913018E+00 0.10760434E-15-0.74314521E+00
-0.74314418E+00 0.11530781E-15-0.66913132E+00 0.58274359E-16 0.10000000E+01 0.10760452E-15 0.66913132E+00 0.40972477E-16-0.74314418E+00
-0.74314418E+00 0.58274359E-16 0.66913132E+00 0.11530781E-15 0.10000000E+01 0.40972477E-16-0.66913132E+00 0.10760452E-15-0.74314418E+00
-0.74314521E+00-0.11530775E-15 0.66913018E+00-0.58274524E-16 0.10000000E+01 0.10760434E-15-0.66913018E+00 0.40972407E-16-0.74314521E+00
-0.74314521E+00-0.58274524E-16-0.66913018E+00-0.11530775E-15 0.10000000E+01 0.40972407E-16 0.66913018E+00 0.10760434E-15-0.74314521E+00
-0.74314418E+00 0.11530781E-15-0.66913132E+00 0.58274359E-16 0.10000000E+01 0.10760452E-15 0.66913132E+00 0.40972477E-16-0.74314418E+00
-0.74314418E+00 0.58274359E-16 0.66913132E+00 0.11530781E-15 0.10000000E+01 0.40972477E-16-0.66913132E+00 0.10760452E-15-0.74314418E+00
-0.74314521E+00-0.11530775E-15 0.66913018E+00-0.58274524E-16 0.10000000E+01 0.10760434E-15-0.66913018E+00 0.40972407E-16-0.74314521E+00
-0.74314521E+00-0.58274524E-16-0.66913018E+00-0.11530775E-15 0.10000000E+01 0.40972407E-16 0.66913018E+00 0.10760434E-15-0.74314521E+00
-0.74314418E+00 0.11530781E-15-0.66913132E+00 0.58274359E-16 0.10000000E+01 0.10760452E-15 0.66913132E+00 0.40972477E-16-0.74314418E+00
-0.74314418E+00 0.58274359E-16 0.66913132E+00 0.11530781E-15 0.10000000E+01 0.40972477E-16-0.66913132E+00 0.10760452E-15-0.74314418E+00
 0.58778498E+00 0.25240890E-16-0.80901719E+00-0.25240890E-16-0.10000000E+01-0.49538016E-16-0.80901719E+00 0.49538016E-16-0.58778498E+00
 0.58778498E+00-0.25240890E-16-0.80901719E+00 0.25240890E-16-0.10000000E+01 0.49538016E-16-0.80901719E+00-0.49538016E-16-0.58778498E+00
 0.58778498E+00-0.25240890E-16 0.80901719E+00 0.25240890E-16-0.10000000E+01-0.49538016E-16 0.80901719E+00 0.49538016E-16-0.58778498E+00
 0.58778498E+00 0.25240890E-16 0.80901719E+00-0.25240890E-16-0.10000000E+01 0.49538016E-16 0.80901719E+00-0.49538016E-16-0.58778498E+00
 0.58778498E+00 0.25240890E-16-0.80901719E+00-0.25240890E-16-0.10000000E+01-0.49538016E-16-0.80901719E+00 0.49538016E-16-0.58778498E+00
 0.58778498E+00-0.25240890E-16-0.80901719E+00 0.25240890E-16-0.10000000E+01 0.49538016E-16-0.80901719E+00-0.49538016E-16-0.58778498E+00
 0.58778498E+00-0.25240890E-16 0.80901719E+00 0.25240890E-16-0.10000000E+01-0.49538016E-16 0.80901719E+00 0.49538016E-16-0.58778498E+00
 0.58778498E+00 0.25240890E-16 0.80901719E+00-0.25240890E-16-0.10000000E+01 0.49538016E-16 0.80901719E+00-0.49538016E-16-0.58778498E+00
 0.58778498E+00 0.25240890E-16-0.80901719E+00-0.25240890E-16-0.10000000E+01-0.49538016E-16-0.80901719E+00 0.49538016E-16-0.58778498E+00
 0.58778498E+00-0.25240890E-16-0.80901719E+00 0.25240890E-16-0.10000000E+01 0.49538016E-16-0.80901719E+00-0.49538016E-16-0.58778498E+00
 0.58778498E+00-0.25240890E-16 0.80901719E+00 0.25240890E-16-0.10000000E+01-0.49538016E-16 0.80901719E+00 0.49538016E-16-0.58778498E+00
 0.58778498E+00 0.25240890E-16 0.80901719E+00-0.25240890E-16-0.10000000E+01 0.49538016E-16 0.80901719E+00-0.49538016E-16-0.58778498E+00
 0.58778498E+00 0.25240890E-16-0.80901719E+00-0.25240890E-16-0.10000000E+01-0.49538016E-16-0.80901719E+00 0.49538016E-16-0.58778498E+00
 0.58778498E+00-0.25240890E-16-0.80901719E+00 0.25240890E-16-0.10000000E+01 0.49538016E-16-0.80901719E+00-0.49538016E-16-0.58778498E+00
 0.58778498E+00-0.25240890E-16 0.80901719E+00 0.25240890E-16-0.10000000E+01-0.49538016E-16 0.80901719E+00 0.49538016E-16-0.58778498E+00
 0.58778498E+00 0.25240890E-16 0.80901719E+00-0.25240890E-16-0.10000000E+01 0.49538016E-16 0.80901719E+00-0.49538016E-16-0.58778498E+00
 0.58778525E+00-0.13827442E-16-0.80901700E+00 0.28531695E-06-0.10000000E+01 0.20729490E-06-0.80901700E+00-0.35267115E-06-0.58778525E+00
 0.58778525E+00 0.28531695E-06-0.80901700E+00-0.13827469E-16-0.10000000E+01-0.35267115E-06-0.80901700E+00 0.20729490E-06-0.58778525E+00
 0.58778498E+00-0.25240890E-16 0.80901719E+00 0.25240890E-16-0.10000000E+01-0.49538016E-16 0.80901719E+00 0.49538016E-16-0.58778498E+00
 0.58778498E+00 0.25240890E-16 0.80901719E+00-0.25240890E-16-0.10000000E+01 0.49538016E-16 0.80901719E+00-0.49538016E-16-0.58778498E+00
 0.58778525E+00-0.19348689E-15-0.80901700E+00 0.28531695E-06-0.10000000E+01 0.20729490E-06-0.80901700E+00-0.35267114E-06-0.58778525E+00
 0.58778525E+00 0.28531695E-06-0.80901700E+00-0.19348686E-15-0.10000000E+01-0.35267114E-06-0.80901700E+00 0.20729490E-06-0.58778525E+00
 0.58778498E+00-0.25240890E-16 0.80901719E+00 0.25240890E-16-0.10000000E+01-0.49538016E-16 0.80901719E+00 0.49538016E-16-0.58778498E+00
 0.58778498E+00 0.25240890E-16 0.80901719E+00-0.25240890E-16-0.10000000E+01 0.49538016E-16 0.80901719E+00-0.49538016E-16-0.58778498E+00
 0.40673810E+00-0.10526843E-15-0.91354481E+00 0.22294408E-06-0.10000000E+01 0.99261527E-07-0.91354481E+00-0.24404286E-06-0.40673810E+00
 0.40673810E+00 0.22294408E-06-0.91354481E+00-0.10526845E-15-0.10000000E+01-0.24404286E-06-0.91354481E+00 0.99261527E-07-0.40673810E+00
 0.40673839E+00-0.36326797E-16 0.91354468E+00 0.36326797E-16-0.10000000E+01-0.55938478E-16 0.91354468E+00 0.55938478E-16-0.40673839E+00
 0.40673839E+00 0.36326797E-16 0.91354468E+00-0.36326797E-16-0.10000000E+01 0.55938478E-16 0.91354468E+00-0.55938478E-16-0.40673839E+00
 0.40673810E+00-0.10526768E-15-0.91354481E+00 0.22294408E-06-0.10000000E+01 0.99261527E-07-0.91354481E+00-0.24404286E-06-0.40673810E+00
 0.40673810E+00 0.22294408E-06-0.91354481E+00-0.10526771E-15-0.10000000E+01-0.24404286E-06-0.91354481E+00 0.99261527E-07-0.40673810E+00
 0.40673839E+00-0.36326797E-16 0.91354468E+00 0.36326797E-16-0.10000000E+01-0.55938478E-16 0.91354468E+00 0.55938478E-16-0.40673839E+00
 0.40673839E+00 0.36326797E-16 0.91354468E+00-0.36326797E-16-0.10000000E+01 0.55938478E-16 0.91354468E+00-0.55938478E-16-0.40673839E+00
 0.40673810E+00-0.19557571E-15-0.91354481E+00 0.22294408E-06-0.10000000E+01 0.99261527E-07-0.91354481E+00-0.24404286E-06-0.40673810E+00
 0.40673810E+00 0.22294408E-06-0.91354481E+00-0.19557573E-15-0.10000000E+01-0.24404286E-06-0.91354481E+00 0.99261527E-07-0.40673810E+00
 0.40673818E+00 0.15211502E-15 0.91354477E+00-0.22294412E-06-0.10000000E+01 0.99261566E-07 0.91354477E+00-0.24404290E-06-0.40673818E+00
 0.40673818E+00-0.22294412E-06 0.91354477E+00 0.15211506E-15-0.10000000E+01-0.24404290E-06 0.91354477E+00 0.99261566E-07-0.40673818E+00
 0.40673810E+00-0.14952964E-16-0.91354481E+00 0.22294408E-06-0.10000000E+01 0.99261527E-07-0.91354481E+00-0.24404286E-06-0.40673810E+00
 0.40673810E+00 0.22294408E-06-0.91354481E+00-0.14952990E-16-0.10000000E+01-0.24404286E-06-0.91354481E+00 0.99261527E-07-0.40673810E+00
 0.40673818E+00 0.20101149E-15 0.91354477E+00-0.22294412E-06-0.10000000E+01 0.99261566E-07 0.91354477E+00-0.24404290E-06-0.40673818E+00
 0.40673818E+00-0.22294412E-06 0.91354477E+00 0.20101152E-15-0.10000000E+01-0.24404290E-06 0.91354477E+00 0.99261566E-07-0.40673818E+00
 0.40673788E+00 0.36326828E-16-0.91354491E+00-0.36326828E-16-0.10000000E+01-0.55938492E-16-0.91354491E+00 0.55938492E-16-0.40673788E+00
 0.40673788E+00-0.36326828E-16-0.91354491E+00 0.36326828E-16-0.10000000E+01 0.55938492E-16-0.91354491E+00-0.55938492E-16-0.40673788E+00
 0.40673818E+00 0.20101421E-15 0.91354477E+00-0.22294412E-06-0.10000000E+01 0.99261566E-07 0.91354477E+00-0.24404290E-06-0.40673818E+00
 0.40673818E+00-0.22294412E-06 0.91354477E+00 0.20101423E-15-0.10000000E+01-0.24404290E-06 0.91354477E+00 0.99261566E-07-0.40673818E+00
 0.40673788E+00 0.36326828E-16-0.91354491E+00-0.36326828E-16-0.10000000E+01-0.55938492E-16-0.91354491E+00 0.55938492E-16-0.40673788E+00
 0.40673788E+00-0.36326828E-16-0.91354491E+00 0.36326828E-16-0.10000000E+01 0.55938492E-16-0.91354491E+00-0.55938492E-16-0.40673788E+00
 0.40673818E+00 0.69279063E-16 0.91354477E+00-0.22294412E-06-0.10000000E+01 0.99261566E-07 0.91354477E+00-0.24404290E-06-0.40673818E+00
 0.40673818E+00-0.22294412E-06 0.91354477E+00 0.69279076E-16-0.10000000E+01-0.24404290E-06 0.91354477E+00 0.99261566E-07-0.40673818E+00
 0.20791061E+00 0.48501487E-16-0.97814783E+00-0.48501487E-16-0.10000000E+01-0.59894280E-16-0.97814783E+00 0.59894280E-16-0.20791061E+00
 0.20791061E+00-0.48501487E-16-0.97814783E+00 0.48501487E-16-0.10000000E+01 0.59894280E-16-0.97814783E+00-0.59894280E-16-0.20791061E+00
 0.20791041E+00 0.13271331E-15 0.97814787E+00-0.12202027E-06-0.10000000E+01 0.25936042E-07 0.97814787E+00-0.12474624E-06-0.20791041E+00
 0.20791041E+00-0.12202027E-06 0.97814787E+00 0.13271332E-15-0.10000000E+01-0.12474624E-06 0.97814787E+00 0.25936042E-07-0.20791041E+00
 0.20791061E+00 0.48501487E-16-0.97814783E+00-0.48501487E-16-0.10000000E+01-0.59894280E-16-0.97814783E+00 0.59894280E-16-0.20791061E+00
 0.20791061E+00-0.48501487E-16-0.97814783E+00 0.48501487E-16-0.10000000E+01 0.59894280E-16-0.97814783E+00-0.59894280E-16-0.20791061E+00
 0.20791041E+00 0.33154213E-16 0.97814787E+00-0.12202021E-06-0.10000000E+01 0.25936029E-07 0.97814787E+00-0.12474618E-06-0.20791041E+00
 0.20791041E+00-0.12202021E-06 0.97814787E+00 0.33154216E-16-0.10000000E+01-0.12474618E-06 0.97814787E+00 0.25936029E-07-0.20791041E+00
 0.20791061E+00 0.48501487E-16-0.97814783E+00-0.48501487E-16-0.10000000E+01-0.59894280E-16-0.97814783E+00 0.59894280E-16-0.20791061E+00
 0.20791061E+00-0.48501487E-16-0.97814783E+00 0.48501487E-16-0.10000000E+01 0.59894280E-16-0.97814783E+00-0.59894280E-16-0.20791061E+00
 0.20791052E+00-0.48501492E-16 0.97814785E+00 0.48501492E-16-0.10000000E+01-0.59894282E-16 0.97814785E+00 0.59894282E-16-0.20791052E+00
 0.20791052E+00 0.48501492E-16 0.97814785E+00-0.48501492E-16-0.10000000E+01 0.59894282E-16 0.97814785E+00-0.59894282E-16-0.20791052E+00
 0.20791061E+00 0.48501487E-16-0.97814783E+00-0.48501487E-16-0.10000000E+01-0.59894280E-16-0.97814783E+00 0.59894280E-16-0.20791061E+00
 0.20791061E+00-0.48501487E-16-0.97814783E+00 0.48501487E-16-0.10000000E+01 0.59894280E-16-0.97814783E+00-0.59894280E-16-0.20791061E+00
 0.20791052E+00-0.48501492E-16 0.97814785E+00 0.48501492E-16-0.10000000E+01-0.59894282E-16 0.97814785E+00 0.59894282E-16-0.20791052E+00
 0.20791052E+00 0.48501492E-16 0.97814785E+00-0.48501492E-16-0.10000000E+01 0.59894282E-16 0.97814785E+00-0.59894282E-16-0.20791052E+00
 0.20791061E+00 0.48501487E-16-0.97814783E+00-0.48501487E-16-0.10000000E+01-0.59894280E-16-0.97814783E+00 0.59894280E-16-0.20791061E+00
 0.20791061E+00-0.48501487E-16-0.97814783E+00 0.48501487E-16-0.10000000E+01 0.59894280E-16-0.97814783E+00-0.59894280E-16-0.20791061E+00
 0.20791052E+00-0.48501492E-16 0.97814785E+00 0.48501492E-16-0.10000000E+01-0.59894282E-16 0.97814785E+00 0.59894282E-16-0.20791052E+00
 0.20791052E+00 0.48501492E-16 0.97814785E+00-0.48501492E-16-0.10000000E+01 0.59894282E-16 0.97814785E+00-0.59894282E-16-0.20791052E+00
 0.20791061E+00 0.48501487E-16-0.97814783E+00-0.48501487E-16-0.10000000E+01-0.59894280E-16-0.97814783E+00 0.59894280E-16-0.20791061E+00
 0.20791061E+00-0.48501487E-16-0.97814783E+00 0.48501487E-16-0.10000000E+01 0.59894280E-16-0.97814783E+00-0.59894280E-16-0.20791061E+00
 0.20791052E+00-0.48501492E-16 0.97814785E+00 0.48501492E-16-0.10000000E+01-0.59894282E-16 0.97814785E+00 0.59894282E-16-0.20791052E+00
 0.20791052E+00 0.48501492E-16 0.97814785E+00-0.48501492E-16-0.10000000E+01 0.59894282E-16 0.97814785E+00-0.59894282E-16-0.20791052E+00
 0.20791061E+00 0.48501487E-16-0.97814783E+00-0.48501487E-16-0.10000000E+01-0.59894280E-16-0.97814783E+00 0.59894280E-16-0.20791061E+00
 0.20791061E+00-0.48501487E-16-0.97814783E+00 0.48501487E-16-0.10000000E+01 0.59894280E-16-0.97814783E+00-0.59894280E-16-0.20791061E+00
 0.20791052E+00-0.48501492E-16 0.97814785E+00 0.48501492E-16-0.10000000E+01-0.59894282E-16 0.97814785E+00 0.59894282E-16-0.20791052E+00
 0.20791052E+00 0.48501492E-16 0.97814785E+00-0.48501492E-16-0.10000000E+01 0.59894282E-16 0.97814785E+00-0.59894282E-16-0.20791052E+00
-0.61232340E-16-0.10000000E+01 0.12246468E-15 0.61232340E-16 0.12246468E-15 0.10000000E+01-0.10000000E+01 0.61232340E-16 0.61232340E-16
-0.61232340E-16 0.61232340E-16-0.10000000E+01-0.10000000E+01 0.12246468E-15 0.61232340E-16 0.12246468E-15 0.10000000E+01 0.61232340E-16
-0.61232340E-16 0.10000000E+01-0.12246468E-15-0.61232340E-16 0.12246468E-15 0.10000000E+01 0.10000000E+01 0.61232340E-16 0.61232340E-16
-0.61232340E-16-0.61232340E-16 0.10000000E+01 0.10000000E+01 0.12246468E-15 0.61232340E-16-0.12246468E-15 0.10000000E+01 0.61232340E-16
-0.61232340E-16-0.10000000E+01 0.12246468E-15 0.61232340E-16 0.12246468E-15 0.10000000E+01-0.10000000E+01 0.61232340E-16 0.61232340E-16
-0.61232340E-16 0.61232340E-16-0.10000000E+01-0.10000000E+01 0.12246468E-15 0.61232340E-16 0.12246468E-15 0.10000000E+01 0.61232340E-16
-0.61232340E-16 0.10000000E+01-0.12246468E-15-0.61232340E-16 0.12246468E-15 0.10000000E+01 0.10000000E+01 0.61232340E-16 0.61232340E-16
-0.61232340E-16-0.61232340E-16 0.10000000E+01 0.10000000E+01 0.12246468E-15 0.61232340E-16-0.12246468E-15 0.10000000E+01 0.61232340E-16
-0.61232340E-16-0.10000000E+01 0.12246468E-15 0.61232340E-16 0.12246468E-15 0.10000000E+01-0.10000000E+01 0.61232340E-16 0.61232340E-16
-0.61232340E-16 0.61232340E-16-0.10000000E+01-0.10000000E+01 0.12246468E-15 0.61232340E-16 0.12246468E-15 0.10000000E+01 0.61232340E-16
-0.61232340E-16 0.10000000E+01-0.12246468E-15-0.61232340E-16 0.12246468E-15 0.10000000E+01 0.10000000E+01 0.61232340E-16 0.61232340E-16
-0.61232340E-16-0.61232340E-16 0.10000000E+01 0.10000000E+01 0.12246468E-15 0.61232340E-16-0.12246468E-15 0.10000000E+01 0.61232340E-16
-0.61232340E-16-0.10000000E+01 0.12246468E-15 0.61232340E-16 0.12246468E-15 0.10000000E+01-0.10000000E+01 0.61232340E-16 0.61232340E-16
-0.61232340E-16 0.61232340E-16-0.10000000E+01-0.10000000E+01 0.12246468E-15 0.61232340E-16 0.12246468E-15 0.10000000E+01 0.61232340E-16
-0.61232340E-16 0.10000000E+01-0.12246468E-15-0.61232340E-16 0.12246468E-15 0.10000000E+01 0.10000000E+01 0.61232340E-16 0.61232340E-16
-0.61232340E-16-0.61232340E-16 0.10000000E+01 0.10000000E+01 0.12246468E-15 0.61232340E-16-0.12246468E-15 0.10000000E+01 0.61232340E-16
-0.61232340E-16-0.10000000E+01 0.12246468E-15 0.61232340E-16 0.12246468E-15 0.10000000E+01-0.10000000E+01 0.61232340E-16 0.61232340E-16
-0.61232340E-16 0.61232340E-16-0.10000000E+01-0.10000000E+01 0.12246468E-15 0.61232340E-16 0.12246468E-15 0.10000000E+01 0.61232340E-16
-0.61232340E-16 0.10000000E+01-0.12246468E-15-0.61232340E-16 0.12246468E-15 0.10000000E+01 0.10000000E+01 0.61232340E-16 0.61232340E-16
-0.61232340E-16-0.61232340E-16 0.10000000E+01 0.10000000E+01 0.12246468E-15 0.61232340E-16-0.12246468E-15 0.10000000E+01 0.61232340E-16
-0.61232340E-16-0.10000000E+01 0.12246468E-15 0.61232340E-16 0.12246468E-15 0.10000000E+01-0.10000000E+01 0.61232340E-16 0.61232340E-16
-0.61232340E-16 0.61232340E-16-0.10000000E+01-0.10000000E+01 0.12246468E-15 0.61232340E-16 0.12246468E-15 0.10000000E+01 0.61232340E-16
-0.61232340E-16 0.10000000E+01-0.12246468E-15-0.61232340E-16 0.12246468E-15 0.10000000E+01 0.10000000E+01 0.61232340E-16 0.61232340E-16
-0.61232340E-16-0.61232340E-16 0.10000000E+01 0.10000000E+01 0.12246468E-15 0.61232340E-16-0.12246468E-15 0.10000000E+01 0.61232340E-16
-0.20791061E+00-0.14808141E-15-0.97814783E+00-0.27797764E-16-0.10000000E+01 0.15729817E-15-0.97814783E+00 0.59894281E-16 0.20791061E+00
-0.20791061E+00-0.27797764E-16-0.97814783E+00-0.14808141E-15-0.10000000E+01 0.59894281E-16-0.97814783E+00 0.15729817E-15 0.20791061E+00
-0.20791052E+00 0.14808142E-15 0.97814785E+00 0.27797779E-16-0.10000000E+01 0.15729817E-15 0.97814785E+00 0.59894282E-16 0.20791052E+00
-0.20791052E+00 0.27797779E-16 0.97814785E+00 0.14808142E-15-0.10000000E+01 0.59894282E-16 0.97814785E+00 0.15729817E-15 0.20791052E+00
-0.20791061E+00-0.14808141E-15-0.97814783E+00-0.27797764E-16-0.10000000E+01 0.15729817E-15-0.97814783E+00 0.59894281E-16 0.20791061E+00
-0.20791061E+00-0.27797764E-16-0.97814783E+00-0.14808141E-15-0.10000000E+01 0.59894281E-16-0.97814783E+00 0.15729817E-15 0.20791061E+00
-0.20791052E+00 0.14808142E-15 0.97814785E+00 0.27797779E-16-0.10000000E+01 0.15729817E-15 0.97814785E+00 0.59894282E-16 0.20791052E+00
-0.20791052E+00 0.27797779E-16 0.97814785E+00 0.14808142E-15-0.10000000E+01 0.59894282E-16 0.97814785E+00 0.15729817E-15 0.20791052E+00
-0.20791061E+00-0.14808141E-15-0.97814783E+00-0.27797764E-16-0.10000000E+01 0.15729817E-15-0.97814783E+00 0.59894281E-16 0.20791061E+00
-0.20791061E+00-0.27797764E-16-0.97814783E+00-0.14808141E-15-0.10000000E+01 0.59894281E-16-0.97814783E+00 0.15729817E-15 0.20791061E+00
-0.20791052E+00 0.14808142E-15 0.97814785E+00 0.27797779E-16-0.10000000E+01 0.15729817E-15 0.97814785E+00 0.59894282E-16 0.20791052E+00
-0.20791052E+00 0.27797779E-16 0.97814785E+00 0.14808142E-15-0.10000000E+01 0.59894282E-16 0.97814785E+00 0.15729817E-15 0.20791052E+00
-0.20791061E+00-0.14808141E-15-0.97814783E+00-0.27797764E-16-0.10000000E+01 0.15729817E-15-0.97814783E+00 0.59894281E-16 0.20791061E+00
-0.20791061E+00-0.27797764E-16-0.97814783E+00-0.14808141E-15-0.10000000E+01 0.59894281E-16-0.97814783E+00 0.15729817E-15 0.20791061E+00
-0.20791052E+00 0.14808142E-15 0.97814785E+00 0.27797779E-16-0.10000000E+01 0.15729817E-15 0.97814785E+00 0.59894282E-16 0.20791052E+00
-0.20791052E+00 0.27797779E-16 0.97814785E+00 0.14808142E-15-0.10000000E+01 0.59894282E-16 0.97814785E+00 0.15729817E-15 0.20791052E+00
-0.20791061E+00-0.14808141E-15-0.97814783E+00-0.27797764E-16-0.10000000E+01 0.15729817E-15-0.97814783E+00 0.59894281E-16 0.20791061E+00
-0.20791061E+00-0.27797764E-16-0.97814783E+00-0.14808141E-15-0.10000000E+01 0.59894281E-16-0.97814783E+00 0.15729817E-15 0.20791061E+00
-0.20791052E+00 0.14808142E-15 0.97814785E+00 0.27797779E-16-0.10000000E+01 0.15729817E-15 0.97814785E+00 0.59894282E-16 0.20791052E+00
-0.20791052E+00 0.27797779E-16 0.97814785E+00 0.14808142E-15-0.10000000E+01 0.59894282E-16 0.97814785E+00 0.15729817E-15 0.20791052E+00
-0.20791271E+00-0.41948566E-16-0.97814738E+00-0.22005763E-05-0.10000000E+01 0.46774933E-06-0.97814738E+00 0.22497390E-05 0.20791271E+00
-0.20791271E+00-0.22005763E-05-0.97814738E+00-0.41948566E-16-0.10000000E+01 0.22497390E-05-0.97814738E+00 0.46774933E-06 0.20791271E+00
-0.20791052E+00 0.14808142E-15 0.97814785E+00 0.27797779E-16-0.10000000E+01 0.15729817E-15 0.97814785E+00 0.59894282E-16 0.20791052E+00
-0.20791052E+00 0.27797779E-16 0.97814785E+00 0.14808142E-15-0.10000000E+01 0.59894282E-16 0.97814785E+00 0.15729817E-15 0.20791052E+00
-0.20791271E+00-0.11532978E-15-0.97814738E+00-0.22005763E-05-0.10000000E+01 0.46774933E-06-0.97814738E+00 0.22497390E-05 0.20791271E+00
-0.20791271E+00-0.22005763E-05-0.97814738E+00-0.11532989E-15-0.10000000E+01 0.22497390E-05-0.97814738E+00 0.46774933E-06 0.20791271E+00
-0.20791052E+00 0.14808142E-15 0.97814785E+00 0.27797779E-16-0.10000000E+01 0.15729817E-15 0.97814785E+00 0.59894282E-16 0.20791052E+00
-0.20791052E+00 0.27797779E-16 0.97814785E+00 0.14808142E-15-0.10000000E+01 0.59894282E-16 0.97814785E+00 0.15729817E-15 0.20791052E+00
-0.40673809E+00-0.17256909E-15-0.91354481E+00-0.19194975E-05-0.10000000E+01 0.85461898E-06-0.91354481E+00 0.21011530E-05 0.40673809E+00
-0.40673809E+00-0.19194975E-05-0.91354481E+00-0.17256899E-15-0.10000000E+01 0.21011530E-05-0.91354481E+00 0.85461898E-06 0.40673809E+00
-0.40673817E+00 0.13590673E-15 0.91354478E+00-0.41761469E-17-0.10000000E+01 0.14690920E-15 0.91354478E+00 0.55938484E-16 0.40673817E+00
-0.40673817E+00-0.41761469E-17 0.91354478E+00 0.13590673E-15-0.10000000E+01 0.55938484E-16 0.91354478E+00 0.14690920E-15 0.40673817E+00
-0.40673809E+00-0.40808671E-16-0.91354481E+00-0.19194975E-05-0.10000000E+01 0.85461898E-06-0.91354481E+00 0.21011530E-05 0.40673809E+00
-0.40673809E+00-0.19194975E-05-0.91354481E+00-0.40808671E-16-0.10000000E+01 0.21011530E-05-0.91354481E+00 0.85461898E-06 0.40673809E+00
-0.40673817E+00 0.13590673E-15 0.91354478E+00-0.41761469E-17-0.10000000E+01 0.14690920E-15 0.91354478E+00 0.55938484E-16 0.40673817E+00
-0.40673817E+00-0.41761469E-17 0.91354478E+00 0.13590673E-15-0.10000000E+01 0.55938484E-16 0.91354478E+00 0.14690920E-15 0.40673817E+00
-0.40673809E+00-0.13113521E-15-0.91354481E+00-0.19194975E-05-0.10000000E+01 0.85461898E-06-0.91354481E+00 0.21011530E-05 0.40673809E+00
-0.40673809E+00-0.19194975E-05-0.91354481E+00-0.13113531E-15-0.10000000E+01 0.21011530E-05-0.91354481E+00 0.85461898E-06 0.40673809E+00
-0.40673817E+00 0.13590673E-15 0.91354478E+00-0.41761469E-17-0.10000000E+01 0.14690920E-15 0.91354478E+00 0.55938484E-16 0.40673817E+00
-0.40673817E+00-0.41761469E-17 0.91354478E+00 0.13590673E-15-0.10000000E+01 0.55938484E-16 0.91354478E+00 0.14690920E-15 0.40673817E+00
-0.40673809E+00-0.69278825E-17-0.91354481E+00-0.19194975E-05-0.10000000E+01 0.85461898E-06-0.91354481E+00 0.21011530E-05 0.40673809E+00
-0.40673809E+00-0.19194975E-05-0.91354481E+00-0.69278825E-17-0.10000000E+01 0.21011530E-05-0.91354481E+00 0.85461898E-06 0.40673809E+00
-0.40673817E+00 0.13590673E-15 0.91354478E+00-0.41761469E-17-0.10000000E+01 0.14690920E-15 0.91354478E+00 0.55938484E-16 0.40673817E+00
-0.40673817E+00-0.41761469E-17 0.91354478E+00 0.13590673E-15-0.10000000E+01 0.55938484E-16 0.91354478E+00 0.14690920E-15 0.40673817E+00
-0.40673626E+00-0.13590685E-15-0.91354563E+00 0.41758388E-17-0.10000000E+01 0.14690934E-15-0.91354563E+00 0.55938537E-16 0.40673626E+00
-0.40673626E+00 0.41758388E-17-0.91354563E+00-0.13590685E-15-0.10000000E+01 0.55938537E-16-0.91354563E+00 0.14690934E-15 0.40673626E+00
-0.40673817E+00 0.13590673E-15 0.91354478E+00-0.41761469E-17-0.10000000E+01 0.14690920E-15 0.91354478E+00 0.55938484E-16 0.40673817E+00
-0.40673817E+00-0.41761469E-17 0.91354478E+00 0.13590673E-15-0.10000000E+01 0.55938484E-16 0.91354478E+00 0.14690920E-15 0.40673817E+00
-0.40673626E+00-0.13590685E-15-0.91354563E+00 0.41758388E-17-0.10000000E+01 0.14690934E-15-0.91354563E+00 0.55938537E-16 0.40673626E+00
-0.40673626E+00 0.41758388E-17-0.91354563E+00-0.13590685E-15-0.10000000E+01 0.55938537E-16-0.91354563E+00 0.14690934E-15 0.40673626E+00
-0.40673817E+00 0.13590673E-15 0.91354478E+00-0.41761469E-17-0.10000000E+01 0.14690920E-15 0.91354478E+00 0.55938484E-16 0.40673817E+00
-0.40673817E+00-0.41761469E-17 0.91354478E+00 0.13590673E-15-0.10000000E+01 0.55938484E-16 0.91354478E+00 0.14690920E-15 0.40673817E+00
-0.58778499E+00-0.12482081E-15-0.80901719E+00 0.33290695E-16-0.10000000E+01 0.13009989E-15-0.80901719E+00 0.49538015E-16 0.58778499E+00
-0.58778499E+00 0.33290695E-16-0.80901719E+00-0.12482081E-15-0.10000000E+01 0.49538015E-16-0.80901719E+00 0.13009989E-15 0.58778499E+00
-0.58778499E+00 0.12482081E-15 0.80901719E+00-0.33290695E-16-0.10000000E+01 0.13009989E-15 0.80901719E+00 0.49538015E-16 0.58778499E+00
-0.58778499E+00-0.33290695E-16 0.80901719E+00 0.12482081E-15-0.10000000E+01 0.49538015E-16 0.80901719E+00 0.13009989E-15 0.58778499E+00
-0.58778499E+00-0.12482081E-15-0.80901719E+00 0.33290695E-16-0.10000000E+01 0.13009989E-15-0.80901719E+00 0.49538015E-16 0.58778499E+00
-0.58778499E+00 0.33290695E-16-0.80901719E+00-0.12482081E-15-0.10000000E+01 0.49538015E-16-0.80901719E+00 0.13009989E-15 0.58778499E+00
-0.58778499E+00 0.12482081E-15 0.80901719E+00-0.33290695E-16-0.10000000E+01 0.13009989E-15 0.80901719E+00 0.49538015E-16 0.58778499E+00
-0.58778499E+00-0.33290695E-16 0.80901719E+00 0.12482081E-15-0.10000000E+01 0.49538015E-16 0.80901719E+00 0.13009989E-15 0.58778499E+00
-0.58778499E+00-0.12482081E-15-0.80901719E+00 0.33290695E-16-0.10000000E+01 0.13009989E-15-0.80901719E+00 0.49538015E-16 0.58778499E+00
-0.58778499E+00 0.33290695E-16-0.80901719E+00-0.12482081E-15-0.10000000E+01 0.49538015E-16-0.80901719E+00 0.13009989E-15 0.58778499E+00
-0.58778499E+00 0.12482081E-15 0.80901719E+00-0.33290695E-16-0.10000000E+01 0.13009989E-15 0.80901719E+00 0.49538015E-16 0.58778499E+00
-0.58778499E+00-0.33290695E-16 0.80901719E+00 0.12482081E-15-0.10000000E+01 0.49538015E-16 0.80901719E+00 0.13009989E-15 0.58778499E+00
-0.58778499E+00-0.12482081E-15-0.80901719E+00 0.33290695E-16-0.10000000E+01 0.13009989E-15-0.80901719E+00 0.49538015E-16 0.58778499E+00
-0.58778499E+00 0.33290695E-16-0.80901719E+00-0.12482081E-15-0.10000000E+01 0.49538015E-16-0.80901719E+00 0.13009989E-15 0.58778499E+00
-0.58778499E+00 0.12482081E-15 0.80901719E+00-0.33290695E-16-0.10000000E+01 0.13009989E-15 0.80901719E+00 0.49538015E-16 0.58778499E+00
-0.58778499E+00-0.33290695E-16 0.80901719E+00 0.12482081E-15-0.10000000E+01 0.49538015E-16 0.80901719E+00 0.13009989E-15 0.58778499E+00
-0.58778499E+00-0.12482081E-15-0.80901719E+00 0.33290695E-16-0.10000000E+01 0.13009989E-15-0.80901719E+00 0.49538015E-16 0.58778499E+00
-0.58778499E+00 0.33290695E-16-0.80901719E+00-0.12482081E-15-0.10000000E+01 0.49538015E-16-0.80901719E+00 0.13009989E-15 0.58778499E+00
-0.58778499E+00 0.12482081E-15 0.80901719E+00-0.33290695E-16-0.10000000E+01 0.13009989E-15 0.80901719E+00 0.49538015E-16 0.58778499E+00
-0.58778499E+00-0.33290695E-16 0.80901719E+00 0.12482081E-15-0.10000000E+01 0.49538015E-16 0.80901719E+00 0.13009989E-15 0.58778499E+00
-0.58778499E+00-0.12482081E-15-0.80901719E+00 0.33290695E-16-0.10000000E+01 0.13009989E-15-0.80901719E+00 0.49538015E-16 0.58778499E+00
-0.58778499E+00 0.33290695E-16-0.80901719E+00-0.12482081E-15-0.10000000E+01 0.49538015E-16-0.80901719E+00 0.13009989E-15 0.58778499E+00
-0.58778499E+00 0.12482081E-15 0.80901719E+00-0.33290695E-16-0.10000000E+01 0.13009989E-15 0.80901719E+00 0.49538015E-16 0.58778499E+00
-0.58778499E+00-0.33290695E-16 0.80901719E+00 0.12482081E-15-0.10000000E+01 0.49538015E-16 0.80901719E+00 0.13009989E-15 0.58778499E+00
 0.74314520E+00 0.15727820E-16 0.66913019E+00 0.15727820E-16 0.10000000E+01-0.40972407E-16-0.66913019E+00 0.40972407E-16 0.74314520E+00
 0.74314520E+00 0.15727820E-16-0.66913019E+00 0.15727820E-16 0.10000000E+01 0.40972407E-16 0.66913019E+00-0.40972407E-16 0.74314520E+00
 0.74314417E+00-0.15727883E-16-0.66913133E+00-0.15727883E-16 0.10000000E+01-0.40972477E-16 0.66913133E+00 0.40972477E-16 0.74314417E+00
 0.74314417E+00-0.15727883E-16 0.66913133E+00-0.15727883E-16 0.10000000E+01 0.40972477E-16-0.66913133E+00-0.40972477E-16 0.74314417E+00
 0.74314520E+00 0.15727820E-16 0.66913019E+00 0.15727820E-16 0.10000000E+01-0.40972407E-16-0.66913019E+00 0.40972407E-16 0.74314520E+00
 0.74314520E+00 0.15727820E-16-0.66913019E+00 0.15727820E-16 0.10000000E+01 0.40972407E-16 0.66913019E+00-0.40972407E-16 0.74314520E+00
 0.74314417E+00-0.15727883E-16-0.66913133E+00-0.15727883E-16 0.10000000E+01-0.40972477E-16 0.66913133E+00 0.40972477E-16 0.74314417E+00
 0.74314417E+00-0.15727883E-16 0.66913133E+00-0.15727883E-16 0.10000000E+01 0.40972477E-16-0.66913133E+00-0.40972477E-16 0.74314417E+00
 0.74314520E+00 0.15727820E-16 0.66913019E+00 0.15727820E-16 0.10000000E+01-0.40972407E-16-0.66913019E+00 0.40972407E-16 0.74314520E+00
 0.74314520E+00 0.15727820E-16-0.66913019E+00 0.15727820E-16 0.10000000E+01 0.40972407E-16 0.66913019E+00-0.40972407E-16 0.74314520E+00
 0.74314417E+00-0.15727883E-16-0.66913133E+00-0.15727883E-16 0.10000000E+01-0.40972477E-16 0.66913133E+00 0.40972477E-16 0.74314417E+00
 0.74314417E+00-0.15727883E-16 0.66913133E+00-0.15727883E-16 0.10000000E+01 0.40972477E-16-0.66913133E+00-0.40972477E-16 0.74314417E+00
 0.74314520E+00 0.15727820E-16 0.66913019E+00 0.15727820E-16 0.10000000E+01-0.40972407E-16-0.66913019E+00 0.40972407E-16 0.74314520E+00
 0.74314520E+00 0.15727820E-16-0.66913019E+00 0.15727820E-16 0.10000000E+01 0.40972407E-16 0.66913019E+00-0.40972407E-16 0.74314520E+00
 0.74314417E+00-0.15727883E-16-0.66913133E+00-0.15727883E-16 0.10000000E+01-0.40972477E-16 0.66913133E+00 0.40972477E-16 0.74314417E+00
 0.74314417E+00-0.15727883E-16 0.66913133E+00-0.15727883E-16 0.10000000E+01 0.40972477E-16-0.66913133E+00-0.40972477E-16 0.74314417E+00
 0.86602520E+00 0.82035904E-17 0.50000035E+00 0.82035904E-17 0.10000000E+01-0.30616191E-16-0.50000035E+00 0.30616191E-16 0.86602520E+00
 0.86602520E+00 0.82035904E-17-0.50000035E+00 0.82035904E-17 0.10000000E+01 0.30616191E-16 0.50000035E+00-0.30616191E-16 0.86602520E+00
 0.86602578E+00-0.82035552E-17-0.49999936E+00-0.82035552E-17 0.10000000E+01-0.30616131E-16 0.49999936E+00 0.30616131E-16 0.86602578E+00
 0.86602578E+00-0.82035552E-17 0.49999936E+00-0.82035552E-17 0.10000000E+01 0.30616131E-16-0.49999936E+00-0.30616131E-16 0.86602578E+00
 0.86602520E+00 0.82035904E-17 0.50000035E+00 0.82035904E-17 0.10000000E+01-0.30616191E-16-0.50000035E+00 0.30616191E-16 0.86602520E+00
 0.86602520E+00 0.82035904E-17-0.50000035E+00 0.82035904E-17 0.10000000E+01 0.30616191E-16 0.50000035E+00-0.30616191E-16 0.86602520E+00
 0.86602578E+00-0.82035552E-17-0.49999936E+00-0.82035552E-17 0.10000000E+01-0.30616131E-16 0.49999936E+00 0.30616131E-16 0.86602578E+00
 0.86602578E+00-0.82035552E-17 0.49999936E+00-0.82035552E-17 0.10000000E+01 0.30616131E-16-0.49999936E+00-0.30616131E-16 0.86602578E+00
 0.86602520E+00 0.82035904E-17 0.50000035E+00 0.82035904E-17 0.10000000E+01-0.30616191E-16-0.50000035E+00 0.30616191E-16 0.86602520E+00
 0.86602520E+00 0.82035904E-17-0.50000035E+00 0.82035904E-17 0.10000000E+01 0.30616191E-16 0.50000035E+00-0.30616191E-16 0.86602520E+00
 0.86602578E+00-0.82035552E-17-0.49999936E+00-0.82035552E-17 0.10000000E+01-0.30616131E-16 0.49999936E+00 0.30616131E-16 0.86602578E+00
 0.86602578E+00-0.82035552E-17 0.49999936E+00-0.82035552E-17 0.10000000E+01 0.30616131E-16-0.49999936E+00-0.30616131E-16 0.86602578E+00
 0.86602520E+00 0.82035904E-17 0.50000035E+00 0.82035904E-17 0.10000000E+01-0.30616191E-16-0.50000035E+00 0.30616191E-16 0.86602520E+00
 0.86602520E+00 0.82035904E-17-0.50000035E+00 0.82035904E-17 0.10000000E+01 0.30616191E-16 0.50000035E+00-0.30616191E-16 0.86602520E+00
 0.86602578E+00-0.82035552E-17-0.49999936E+00-0.82035552E-17 0.10000000E+01-0.30616131E-16 0.49999936E+00 0.30616131E-16 0.86602578E+00
 0.86602578E+00-0.82035552E-17 0.49999936E+00-0.82035552E-17 0.10000000E+01 0.30616131E-16-0.49999936E+00-0.30616131E-16 0.86602578E+00
 0.95105652E+00 0.29969241E-17 0.30901700E+00 0.29969241E-17 0.10000000E+01-0.18921834E-16-0.30901700E+00 0.18921834E-16 0.95105652E+00
 0.95105652E+00 0.29969241E-17-0.30901700E+00 0.29969241E-17 0.10000000E+01 0.18921834E-16 0.30901700E+00-0.18921834E-16 0.95105652E+00
 0.95105652E+00 0.29969241E-17 0.30901700E+00 0.29969241E-17 0.10000000E+01-0.18921834E-16-0.30901700E+00 0.18921834E-16 0.95105652E+00
 0.95105652E+00 0.29969241E-17-0.30901700E+00 0.29969241E-17 0.10000000E+01 0.18921834E-16 0.30901700E+00-0.18921834E-16 0.95105652E+00
 0.95105652E+00 0.49094877E-16-0.30901700E+00 0.22917961E-06 0.10000000E+01 0.70534230E-06 0.30901700E+00-0.74164078E-06 0.95105652E+00
 0.95105652E+00 0.22917961E-06 0.30901700E+00 0.49095035E-16 0.10000000E+01-0.74164078E-06-0.30901700E+00 0.70534230E-06 0.95105652E+00
 0.95105630E+00-0.29969375E-17-0.30901767E+00-0.29969375E-17 0.10000000E+01-0.18921875E-16 0.30901767E+00 0.18921875E-16 0.95105630E+00
 0.95105630E+00-0.29969375E-17 0.30901767E+00-0.29969375E-17 0.10000000E+01 0.18921875E-16-0.30901767E+00-0.18921875E-16 0.95105630E+00
 0.95105652E+00 0.29969241E-17 0.30901700E+00 0.29969241E-17 0.10000000E+01-0.18921834E-16-0.30901700E+00 0.18921834E-16 0.95105652E+00
 0.95105652E+00 0.29969241E-17-0.30901700E+00 0.29969241E-17 0.10000000E+01 0.18921834E-16 0.30901700E+00-0.18921834E-16 0.95105652E+00
 0.95105652E+00 0.29969241E-17 0.30901700E+00 0.29969241E-17 0.10000000E+01-0.18921834E-16-0.30901700E+00 0.18921834E-16 0.95105652E+00
 0.95105652E+00 0.29969241E-17-0.30901700E+00 0.29969241E-17 0.10000000E+01 0.18921834E-16 0.30901700E+00-0.18921834E-16 0.95105652E+00
 0.99452186E+00 0.33543937E-18 0.10452881E+00 0.33543937E-18 0.10000000E+01-0.64005434E-17-0.10452881E+00 0.64005434E-17 0.99452186E+00
 0.99452186E+00 0.33543937E-18-0.10452881E+00 0.33543937E-18 0.10000000E+01 0.64005434E-17 0.10452881E+00-0.64005434E-17 0.99452186E+00
 0.99452186E+00 0.16181125E-15-0.10452880E+00 0.26223046E-07 0.10000000E+01 0.24949481E-06 0.10452880E+00-0.25086911E-06 0.99452186E+00
 0.99452186E+00 0.26223046E-07 0.10452880E+00 0.16181178E-15 0.10000000E+01-0.25086911E-06-0.10452880E+00 0.24949481E-06 0.99452186E+00
 0.95105652E+00 0.81670917E-16-0.30901700E+00 0.22917961E-06 0.10000000E+01 0.70534230E-06 0.30901700E+00-0.74164078E-06 0.95105652E+00
 0.95105652E+00 0.22917961E-06 0.30901700E+00 0.81670917E-16 0.10000000E+01-0.74164078E-06-0.30901700E+00 0.70534230E-06 0.95105652E+00
 0.95105652E+00 0.49080477E-16-0.30901700E+00 0.22917961E-06 0.10000000E+01 0.70534230E-06 0.30901700E+00-0.74164078E-06 0.95105652E+00
 0.95105652E+00 0.22917961E-06 0.30901700E+00 0.49080504E-16 0.10000000E+01-0.74164078E-06-0.30901700E+00 0.70534230E-06 0.95105652E+00
 0.99452186E+00 0.33543937E-18 0.10452881E+00 0.33543937E-18 0.10000000E+01-0.64005434E-17-0.10452881E+00 0.64005434E-17 0.99452186E+00
 0.99452186E+00 0.33543937E-18-0.10452881E+00 0.33543937E-18 0.10000000E+01 0.64005434E-17 0.10452881E+00-0.64005434E-17 0.99452186E+00
