 0.11972370E-14 0.16695719E-13 0.93308892E+00 0.66911081E-01
 0.34050295E-15 0.47483844E-14 0.93308892E+00 0.66911081E-01
 0.42562868E-16 0.59354805E-15 0.93308892E+00 0.66911080E-01
 0.31655891E-14 0.22700247E-15 0.66911229E-01 0.93308877E+00
 0.16695716E-13 0.11972397E-14 0.66911229E-01 0.93308877E+00
 0.47483836E-14 0.34050371E-15 0.66911229E-01 0.93308877E+00
 0.20684974E+00 0.79315012E+00 0.11361040E-06 0.29629046E-07
 0.20684974E+00 0.79315012E+00 0.11361040E-06 0.29629045E-07
 0.66911438E-01 0.93308842E+00 0.13365509E-06 0.95843585E-08
 0.12676260E-13 0.90900689E-15 0.66911228E-01 0.93308877E+00
 0.11772402E-14 0.30701859E-15 0.20684977E+00 0.79315023E+00
 0.40362522E-14 0.10526352E-14 0.20684977E+00 0.79315023E+00
 0.29979007E-14 0.11495257E-13 0.79315061E+00 0.20684939E+00
 0.20684974E+00 0.79315012E+00 0.11361040E-06 0.29629047E-07
 0.14191802E-13 0.37011538E-14 0.20684977E+00 0.79315023E+00
 0.26908348E-14 0.70175679E-15 0.20684977E+00 0.79315023E+00
 0.60789044E-14 0.10459980E-13 0.63244773E+00 0.36755227E+00
 0.00000000E+00 0.00000000E+00 0.36755130E+00 0.63244870E+00
 0.49932957E-14 0.85919712E-14 0.63244773E+00 0.36755227E+00
 0.93871756E-15 0.54554125E-15 0.36755130E+00 0.63244870E+00
 0.21042362E-14 0.36207621E-14 0.63244772E+00 0.36755228E+00
 0.32184602E-14 0.18704272E-14 0.36755131E+00 0.63244869E+00
 0.53269931E-14 0.91661644E-14 0.63244772E+00 0.36755228E+00
 0.32184602E-14 0.18704272E-14 0.36755131E+00 0.63244869E+00
 0.29170151E-14 0.21718723E-14 0.42678726E+00 0.57321274E+00
 0.12607321E-13 0.16932861E-13 0.57321451E+00 0.42678549E+00
 0.89941296E-14 0.66966064E-14 0.42678727E+00 0.57321273E+00
 0.57979949E-14 0.77872720E-14 0.57321450E+00 0.42678550E+00
 0.93587565E-14 0.69680904E-14 0.42678727E+00 0.57321273E+00
 0.58261749E-14 0.78251204E-14 0.57321450E+00 0.42678550E+00
 0.12169412E-13 0.90607729E-14 0.42678727E+00 0.57321273E+00
 0.63346014E-15 0.85079867E-15 0.57321450E+00 0.42678550E+00
 0.10776004E-13 0.15221402E-14 0.12376991E+00 0.87623009E+00
 0.18229524E-14 0.12905606E-13 0.87623009E+00 0.12376991E+00
 0.44590362E-14 0.62985112E-15 0.12376991E+00 0.87623009E+00
 0.18229524E-14 0.12905606E-13 0.87623009E+00 0.12376991E+00
 0.44590362E-14 0.62985112E-15 0.12376991E+00 0.87623009E+00
 0.22667106E-14 0.16047197E-13 0.87623009E+00 0.12376991E+00
 0.50164158E-14 0.70858251E-15 0.12376991E+00 0.87623009E+00
 0.15221402E-14 0.10776004E-13 0.87623009E+00 0.12376991E+00
 0.25102124E-06 0.35457643E-07 0.12377049E+00 0.87622922E+00
 0.49863214E-15 0.35300703E-14 0.87623009E+00 0.12376991E+00
 0.25102123E-06 0.35457642E-07 0.12377049E+00 0.87622922E+00
 0.49863214E-15 0.35300703E-14 0.87623009E+00 0.12376991E+00
 0.14012152E-06 0.69936843E+00 0.30063137E+00 0.60232807E-07
 0.32624267E-14 0.69936917E+00 0.30063083E+00 0.14023867E-14
 0.14012152E-06 0.69936843E+00 0.30063137E+00 0.60232809E-07
 0.14829212E-14 0.69936917E+00 0.30063083E+00 0.63744850E-15
 0.14012152E-06 0.69936843E+00 0.30063137E+00 0.60232807E-07
 0.14012159E-06 0.69936859E+00 0.30063120E+00 0.60232790E-07
 0.14012152E-06 0.69936843E+00 0.30063137E+00 0.60232807E-07
 0.14012159E-06 0.69936859E+00 0.30063120E+00 0.60232790E-07
 0.27979660E-14 0.69936813E+00 0.30063187E+00 0.63745071E-15
 0.14012159E-06 0.69936859E+00 0.30063120E+00 0.60232790E-07
 0.14829190E-14 0.69936813E+00 0.30063187E+00 0.63745071E-15
 0.14012159E-06 0.69936859E+00 0.30063120E+00 0.60232790E-07
 0.15574982E-14 0.33388221E+00 0.66611779E+00 0.31073152E-14
 0.31935833E-07 0.33388183E+00 0.66611808E+00 0.63714267E-07
 0.70795371E-15 0.33388220E+00 0.66611780E+00 0.14124160E-14
 0.31935817E-07 0.33388183E+00 0.66611808E+00 0.63714235E-07
 0.70795371E-15 0.33388220E+00 0.66611780E+00 0.14124160E-14
 0.70795339E-15 0.33388205E+00 0.66611795E+00 0.14124163E-14
 0.15574982E-14 0.33388220E+00 0.66611780E+00 0.38421870E-14
 0.15574975E-14 0.33388205E+00 0.66611795E+00 0.38421878E-14
 0.13357644E-14 0.33388220E+00 0.66611780E+00 0.14124160E-14
 0.13357638E-14 0.33388205E+00 0.66611795E+00 0.14124163E-14
 0.70795371E-15 0.33388220E+00 0.66611780E+00 0.26649412E-14
 0.70795339E-15 0.33388205E+00 0.66611795E+00 0.26649418E-14
 0.19258423E-14 0.33388220E+00 0.66611780E+00 0.31073152E-14
 0.19258414E-14 0.33388205E+00 0.66611795E+00 0.31073159E-14
 0.94163332E-29 0.44408921E-14 0.10000000E+01 0.21203697E-14
 0.94163332E-29 0.44408921E-14 0.10000000E+01 0.21203697E-14
 0.17766702E-28 0.83790585E-14 0.10000000E+01 0.40007056E-14
 0.17766702E-28 0.83790585E-14 0.10000000E+01 0.40007056E-14
 0.33522146E-28 0.83790585E-14 0.10000000E+01 0.40007056E-14
 0.33522146E-28 0.83790585E-14 0.10000000E+01 0.40007056E-14
 0.33288676E-27 0.27875222E-13 0.10000000E+01 0.13309438E-13
 0.33288676E-27 0.27875222E-13 0.10000000E+01 0.13309438E-13
 0.31569301E-28 0.44408921E-14 0.10000000E+01 0.21203697E-14
 0.31569301E-28 0.44408921E-14 0.10000000E+01 0.21203697E-14
 0.94163332E-29 0.44408921E-14 0.10000000E+01 0.21203697E-14
 0.94163332E-29 0.44408921E-14 0.10000000E+01 0.21203697E-14
 0.14124160E-14 0.66611781E+00 0.33388219E+00 0.70795369E-15
 0.14124164E-14 0.66611796E+00 0.33388204E+00 0.70795337E-15
 0.14124160E-14 0.66611781E+00 0.33388219E+00 0.23734933E-14
 0.14124164E-14 0.66611796E+00 0.33388204E+00 0.23734922E-14
 0.88656534E-14 0.66611781E+00 0.33388219E+00 0.38229499E-14
 0.88656555E-14 0.66611796E+00 0.33388204E+00 0.38229482E-14
 0.14124160E-14 0.66611781E+00 0.33388219E+00 0.70795369E-15
 0.14124164E-14 0.66611796E+00 0.33388204E+00 0.70795337E-15
 0.14124160E-14 0.66611781E+00 0.33388219E+00 0.70795369E-15
 0.14124164E-14 0.66611796E+00 0.33388204E+00 0.70795337E-15
 0.66611370E+00 0.57452516E-06 0.28797724E-06 0.33388544E+00
 0.14124163E-14 0.66611795E+00 0.33388205E+00 0.70795338E-15
 0.66611369E+00 0.57452517E-06 0.28797725E-06 0.33388544E+00
 0.14124163E-14 0.66611795E+00 0.33388205E+00 0.70795338E-15
 0.30063118E+00 0.25929534E-06 0.60320708E-06 0.69936796E+00
 0.63744945E-15 0.30063127E+00 0.69936873E+00 0.14829203E-14
 0.30063118E+00 0.25929534E-06 0.60320708E-06 0.69936796E+00
 0.34422270E-14 0.30063127E+00 0.69936873E+00 0.93082045E-14
 0.30063118E+00 0.25929534E-06 0.60320708E-06 0.69936796E+00
 0.21371200E-14 0.30063127E+00 0.69936873E+00 0.14829203E-14
 0.30063118E+00 0.25929534E-06 0.60320708E-06 0.69936796E+00
 0.63744945E-15 0.30063127E+00 0.69936873E+00 0.49716547E-14
 0.21371481E-14 0.30063522E+00 0.69936478E+00 0.14829119E-14
 0.21371200E-14 0.30063127E+00 0.69936873E+00 0.14829203E-14
 0.63745782E-15 0.30063522E+00 0.69936478E+00 0.14829119E-14
 0.63744945E-15 0.30063127E+00 0.69936873E+00 0.14829203E-14
 0.12905606E-13 0.18229527E-14 0.12376993E+00 0.87623007E+00
 0.17520563E-14 0.12403695E-13 0.87623007E+00 0.12376993E+00
 0.12905606E-13 0.18229527E-14 0.12376993E+00 0.87623007E+00
 0.17520563E-14 0.12403695E-13 0.87623007E+00 0.12376993E+00
 0.50164156E-14 0.70858263E-15 0.12376993E+00 0.87623007E+00
 0.22667110E-14 0.16047196E-13 0.87623007E+00 0.12376993E+00
 0.12699340E-13 0.17938171E-14 0.12376993E+00 0.87623007E+00
 0.15221405E-14 0.10776004E-13 0.87623007E+00 0.12376993E+00
 0.44590361E-14 0.62985123E-15 0.12376993E+00 0.87623007E+00
 0.18229527E-14 0.12905606E-13 0.87623007E+00 0.12376993E+00
 0.10776004E-13 0.15221405E-14 0.12376993E+00 0.87623007E+00
 0.70858263E-15 0.50164156E-14 0.87623007E+00 0.12376993E+00
 0.93587566E-14 0.69680903E-14 0.42678726E+00 0.57321274E+00
 0.63346013E-15 0.85079868E-15 0.57321451E+00 0.42678549E+00
 0.93587566E-14 0.69680903E-14 0.42678726E+00 0.57321274E+00
 0.63346013E-15 0.85079868E-15 0.57321451E+00 0.42678549E+00
 0.89941297E-14 0.66966063E-14 0.42678726E+00 0.57321274E+00
 0.57979948E-14 0.77872721E-14 0.57321451E+00 0.42678549E+00
 0.29170151E-14 0.21718722E-14 0.42678725E+00 0.57321275E+00
 0.76364537E-14 0.10256502E-13 0.57321452E+00 0.42678548E+00
 0.18704302E-14 0.32184571E-14 0.63244810E+00 0.36755190E+00
 0.91661841E-14 0.53269735E-14 0.36755093E+00 0.63244907E+00
 0.21042340E-14 0.36207643E-14 0.63244810E+00 0.36755190E+00
 0.91661841E-14 0.53269735E-14 0.36755093E+00 0.63244907E+00
 0.23380377E-15 0.40230715E-15 0.63244811E+00 0.36755189E+00
 0.86337492E-14 0.50175461E-14 0.36755092E+00 0.63244908E+00
 0.60788981E-14 0.10459986E-13 0.63244811E+00 0.36755189E+00
 0.85825657E-14 0.49878006E-14 0.36755092E+00 0.63244908E+00
 0.10526349E-14 0.40362524E-14 0.79315028E+00 0.20684972E+00
 0.10526349E-14 0.40362524E-14 0.79315028E+00 0.20684972E+00
 0.29531408E-06 0.77016469E-07 0.20684964E+00 0.79314999E+00
 0.26908333E-14 0.70175831E-15 0.20685022E+00 0.79314978E+00
 0.29281131E-14 0.11227638E-13 0.79315028E+00 0.20684972E+00
 0.28101086E-14 0.10775158E-13 0.79315028E+00 0.20684972E+00
 0.90901012E-15 0.12676257E-13 0.93308853E+00 0.66911466E-01
 0.11238208E-06 0.80588807E-08 0.66911451E-01 0.93308843E+00
 0.29531407E-06 0.77016465E-07 0.20684964E+00 0.79314999E+00
 0.29531406E-06 0.77016465E-07 0.20684964E+00 0.79314999E+00
 0.11972439E-14 0.16695712E-13 0.93308853E+00 0.66911467E-01
 0.34050492E-15 0.47483824E-14 0.93308853E+00 0.66911467E-01
 0.42563114E-16 0.59354780E-15 0.93308853E+00 0.66911466E-01
 0.13052053E-13 0.93596057E-15 0.66911615E-01 0.93308838E+00
 0.16695709E-13 0.11972466E-14 0.66911615E-01 0.93308838E+00
 0.13523397E-13 0.96976058E-15 0.66911615E-01 0.93308838E+00
 0.66911439E-01 0.93308842E+00 0.13365510E-06 0.95843596E-08
 0.66911439E-01 0.93308842E+00 0.13365507E-06 0.95843578E-08
 0.66911438E-01 0.93308842E+00 0.13365510E-06 0.95843595E-08
 0.23741918E-14 0.17025185E-15 0.66911229E-01 0.93308877E+00
 0.15227972E-13 0.10919887E-14 0.66911229E-01 0.93308877E+00
 0.17088501E-13 0.12254060E-14 0.66911229E-01 0.93308877E+00
 0.29979007E-14 0.11495257E-13 0.79315061E+00 0.20684939E+00
 0.32456190E-14 0.12445117E-13 0.79315062E+00 0.20684938E+00
 0.66911438E-01 0.93308842E+00 0.13365507E-06 0.95843572E-08
 0.15951122E-13 0.11438453E-14 0.66911228E-01 0.93308877E+00
 0.86148747E-14 0.22467179E-14 0.20684977E+00 0.79315023E+00
 0.14525680E-13 0.37882275E-14 0.20684977E+00 0.79315023E+00
 0.46052704E-14 0.17658612E-13 0.79315061E+00 0.20684939E+00
 0.37882205E-14 0.14525687E-13 0.79315061E+00 0.20684939E+00
 0.15640477E-13 0.40789613E-14 0.20684977E+00 0.79315023E+00
 0.57476256E-14 0.14989532E-14 0.20684977E+00 0.79315023E+00
 0.85433606E-14 0.14700573E-13 0.63244773E+00 0.36755227E+00
 0.15362787E-13 0.89281745E-14 0.36755130E+00 0.63244870E+00
 0.62832941E-14 0.10811673E-13 0.63244773E+00 0.36755227E+00
 0.17043685E-13 0.99050382E-14 0.36755130E+00 0.63244870E+00
 0.72479246E-14 0.12471514E-13 0.63244772E+00 0.36755228E+00
 0.14720156E-13 0.85547056E-14 0.36755131E+00 0.63244869E+00
 0.95834300E-14 0.16490221E-13 0.63244772E+00 0.36755228E+00
 0.88832156E-14 0.51625334E-14 0.36755131E+00 0.63244869E+00
 0.80512023E-14 0.59945467E-14 0.42678726E+00 0.57321274E+00
 0.69651226E-14 0.93548386E-14 0.57321451E+00 0.42678549E+00
 0.62260032E-14 0.46355895E-14 0.42678727E+00 0.57321273E+00
 0.85587713E-14 0.11495264E-13 0.57321450E+00 0.42678550E+00
 0.44624398E-14 0.33225230E-14 0.42678727E+00 0.57321273E+00
 0.68297726E-14 0.91730498E-14 0.57321450E+00 0.42678550E+00
 0.80805060E-14 0.60163652E-14 0.42678727E+00 0.57321273E+00
 0.46355702E-14 0.62260224E-14 0.57321450E+00 0.42678550E+00
 0.12551063E-06 0.17728823E-07 0.12377051E+00 0.87622934E+00
 0.24891518E-14 0.17621971E-13 0.87623009E+00 0.12376991E+00
 0.12551060E-06 0.17728819E-07 0.12377051E+00 0.87622934E+00
 0.24891518E-14 0.17621971E-13 0.87623009E+00 0.12376991E+00
 0.12551060E-06 0.17728819E-07 0.12377051E+00 0.87622934E+00
 0.15221402E-14 0.10776004E-13 0.87623009E+00 0.12376991E+00
 0.12551064E-06 0.17728824E-07 0.12377051E+00 0.87622934E+00
 0.17384411E-14 0.12307308E-13 0.87623009E+00 0.12376991E+00
 0.12551064E-06 0.17728824E-07 0.12377051E+00 0.87622934E+00
 0.10497519E-14 0.74317270E-14 0.87623009E+00 0.12376991E+00
 0.12551064E-06 0.17728825E-07 0.12377051E+00 0.87622934E+00
 0.10497519E-14 0.74317270E-14 0.87623009E+00 0.12376991E+00
 0.26527262E-14 0.69936813E+00 0.30063187E+00 0.11403065E-14
 0.26527301E-14 0.69936917E+00 0.30063083E+00 0.11403025E-14
 0.26527262E-14 0.69936813E+00 0.30063187E+00 0.14423863E-14
 0.26527301E-14 0.69936917E+00 0.30063083E+00 0.14423813E-14
 0.76438686E-14 0.69936813E+00 0.30063187E+00 0.31648642E-14
 0.76438800E-14 0.69936917E+00 0.30063083E+00 0.31648532E-14
 0.26527262E-14 0.69936813E+00 0.30063187E+00 0.11403065E-14
 0.26527301E-14 0.69936917E+00 0.30063083E+00 0.11403025E-14
 0.26527262E-14 0.69936813E+00 0.30063187E+00 0.11403065E-14
 0.26527301E-14 0.69936917E+00 0.30063083E+00 0.11403025E-14
 0.26527262E-14 0.69936813E+00 0.30063187E+00 0.18386890E-14
 0.26527301E-14 0.69936917E+00 0.30063083E+00 0.18386826E-14
 0.38627294E-14 0.33388221E+00 0.66611779E+00 0.70124712E-14
 0.15967918E-07 0.33388184E+00 0.66611811E+00 0.31857136E-07
 0.12664261E-14 0.33388220E+00 0.66611780E+00 0.25266066E-14
 0.15967905E-07 0.33388184E+00 0.66611811E+00 0.31857109E-07
 0.12664261E-14 0.33388220E+00 0.66611780E+00 0.25266066E-14
 0.15967918E-07 0.33388184E+00 0.66611812E+00 0.31857137E-07
 0.12664261E-14 0.33388220E+00 0.66611780E+00 0.31959326E-14
 0.15967913E-07 0.33388184E+00 0.66611812E+00 0.31857128E-07
 0.36492250E-14 0.33388220E+00 0.66611780E+00 0.69208385E-14
 0.15967918E-07 0.33388184E+00 0.66611812E+00 0.31857137E-07
 0.11327259E-14 0.33388220E+00 0.66611780E+00 0.22598656E-14
 0.15967918E-07 0.33388184E+00 0.66611812E+00 0.31857137E-07
 0.11327259E-14 0.33388220E+00 0.66611780E+00 0.25266066E-14
 0.11327254E-14 0.33388205E+00 0.66611795E+00 0.25266072E-14
 0.76229274E-28 0.20097183E-13 0.10000000E+01 0.47978490E-14
 0.76229274E-28 0.20097183E-13 0.10000000E+01 0.47978490E-14
 0.48196561E-27 0.44096963E-13 0.10000000E+01 0.10527374E-13
 0.48196561E-27 0.44096963E-13 0.10000000E+01 0.10527374E-13
 0.60264532E-28 0.15888219E-13 0.10000000E+01 0.37930327E-14
 0.60264532E-28 0.15888219E-13 0.10000000E+01 0.37930327E-14
 0.76229274E-28 0.20097183E-13 0.10000000E+01 0.47978490E-14
 0.76229274E-28 0.20097183E-13 0.10000000E+01 0.47978490E-14
 0.96423252E-28 0.20097183E-13 0.10000000E+01 0.47978490E-14
 0.96423252E-28 0.20097183E-13 0.10000000E+01 0.47978490E-14
 0.47566771E-27 0.43520743E-13 0.10000000E+01 0.10389812E-13
 0.47566771E-27 0.43520743E-13 0.10000000E+01 0.10389812E-13
 0.31959327E-14 0.66611781E+00 0.33388219E+00 0.11327259E-14
 0.31959334E-14 0.66611796E+00 0.33388204E+00 0.11327254E-14
 0.66611370E+00 0.57452517E-06 0.28797725E-06 0.33388544E+00
 0.22598662E-14 0.66611796E+00 0.33388204E+00 0.16019156E-14
 0.66611370E+00 0.57452516E-06 0.28797724E-06 0.33388544E+00
 0.72804549E-14 0.66611796E+00 0.33388204E+00 0.34689715E-14
 0.66611370E+00 0.57452516E-06 0.28797724E-06 0.33388544E+00
 0.22598662E-14 0.66611796E+00 0.33388204E+00 0.16019156E-14
 0.66611370E+00 0.57452516E-06 0.28797724E-06 0.33388544E+00
 0.31959334E-14 0.66611796E+00 0.33388204E+00 0.16019156E-14
 0.66611370E+00 0.57452516E-06 0.28797724E-06 0.33388544E+00
 0.31959334E-14 0.66611795E+00 0.33388205E+00 0.11327254E-14
 0.66611369E+00 0.57452517E-06 0.28797725E-06 0.33388544E+00
 0.69208401E-14 0.66611795E+00 0.33388205E+00 0.36492233E-14
 0.14424024E-14 0.30063522E+00 0.69936478E+00 0.23726591E-14
 0.14423835E-14 0.30063127E+00 0.69936873E+00 0.23726724E-14
 0.10199325E-14 0.30063522E+00 0.69936478E+00 0.23726591E-14
 0.10199191E-14 0.30063127E+00 0.69936873E+00 0.23726724E-14
 0.10199325E-14 0.30063522E+00 0.69936478E+00 0.33554466E-14
 0.10199191E-14 0.30063127E+00 0.69936873E+00 0.33554656E-14
 0.32858462E-14 0.30063522E+00 0.69936478E+00 0.72662684E-14
 0.32858030E-14 0.30063127E+00 0.69936873E+00 0.72663094E-14
 0.10199325E-14 0.30063522E+00 0.69936478E+00 0.33554466E-14
 0.10199191E-14 0.30063127E+00 0.69936873E+00 0.33554656E-14
 0.14424024E-14 0.30063522E+00 0.69936478E+00 0.33554466E-14
 0.14423835E-14 0.30063127E+00 0.69936873E+00 0.33554656E-14
 0.18273021E-13 0.25811149E-14 0.12376993E+00 0.87623007E+00
 0.62985123E-15 0.44590361E-14 0.87623007E+00 0.12376993E+00
 0.18273021E-13 0.25811149E-14 0.12376993E+00 0.87623007E+00
 0.10497520E-14 0.74317269E-14 0.87623007E+00 0.12376993E+00
 0.18273021E-13 0.25811149E-14 0.12376993E+00 0.87623007E+00
 0.15221405E-14 0.10776004E-13 0.87623007E+00 0.12376993E+00
 0.22846517E-13 0.32271340E-14 0.12376993E+00 0.87623007E+00
 0.17384414E-14 0.12307308E-13 0.87623007E+00 0.12376993E+00
 0.20394133E-13 0.28807279E-14 0.12376993E+00 0.87623007E+00
 0.20199204E-14 0.14300041E-13 0.87623007E+00 0.12376993E+00
 0.12307308E-13 0.17384414E-14 0.12376993E+00 0.87623007E+00
 0.24891522E-14 0.17621971E-13 0.87623007E+00 0.12376993E+00
 0.21877613E-14 0.16289042E-14 0.42678726E+00 0.57321274E+00
 0.46355702E-14 0.62260225E-14 0.57321451E+00 0.42678549E+00
 0.44624398E-14 0.33225230E-14 0.42678726E+00 0.57321274E+00
 0.46355702E-14 0.62260225E-14 0.57321451E+00 0.42678549E+00
 0.62260032E-14 0.46355894E-14 0.42678726E+00 0.57321274E+00
 0.80539930E-14 0.10817298E-13 0.57321451E+00 0.42678549E+00
 0.70494532E-14 0.52486913E-14 0.42678725E+00 0.57321275E+00
 0.69651225E-14 0.93548387E-14 0.57321452E+00 0.42678548E+00
 0.81831322E-14 0.14080750E-13 0.63244810E+00 0.36755190E+00
 0.88832210E-14 0.51625281E-14 0.36755093E+00 0.63244907E+00
 0.72479171E-14 0.12471521E-13 0.63244810E+00 0.36755190E+00
 0.14720164E-13 0.85546968E-14 0.36755093E+00 0.63244907E+00
 0.62832876E-14 0.10811680E-13 0.63244811E+00 0.36755189E+00
 0.17043695E-13 0.99050279E-14 0.36755092E+00 0.63244908E+00
 0.85433518E-14 0.14700582E-13 0.63244811E+00 0.36755189E+00
 0.15362796E-13 0.89281652E-14 0.36755092E+00 0.63244908E+00
 0.48143985E-14 0.18460463E-13 0.79315028E+00 0.20684972E+00
 0.29053593E-14 0.11140390E-13 0.79315028E+00 0.20684972E+00
 0.22478551E-13 0.58623142E-14 0.20685022E+00 0.79314978E+00
 0.57476224E-14 0.14989564E-14 0.20685022E+00 0.79314978E+00
 0.17543915E-14 0.67270874E-14 0.79315028E+00 0.20684972E+00
 0.35360891E-14 0.13558878E-13 0.79315028E+00 0.20684972E+00
 0.15552857E-14 0.21688648E-13 0.93308853E+00 0.66911466E-01
 0.56191028E-07 0.40294394E-08 0.66911455E-01 0.93308848E+00
 0.12692635E-13 0.33101873E-14 0.20685021E+00 0.79314979E+00
 0.97542706E-14 0.25438739E-14 0.20685022E+00 0.79314978E+00
 0.16856522E-14 0.23506625E-13 0.93308853E+00 0.66911467E-01
 0.82288688E-15 0.11475258E-13 0.93308853E+00 0.66911467E-01
 0.11438493E-14 0.15951118E-13 0.93308853E+00 0.66911466E-01
 0.56191040E-07 0.40294403E-08 0.66911456E-01 0.93308848E+00
 0.56191028E-07 0.40294395E-08 0.66911456E-01 0.93308848E+00
 0.56191053E-07 0.40294413E-08 0.66911456E-01 0.93308848E+00
 0.29193587E-14 0.40710823E-13 0.93308855E+00 0.66911449E-01
 0.13336439E-14 0.18597832E-13 0.93308855E+00 0.66911449E-01
 0.14866652E-14 0.20731734E-13 0.93308855E+00 0.66911447E-01
 0.65260291E-14 0.46797758E-15 0.66911229E-01 0.93308877E+00
 0.13266236E-13 0.95131371E-15 0.66911229E-01 0.93308877E+00
 0.19645949E-13 0.14087991E-14 0.66911229E-01 0.93308877E+00
 0.23862266E-14 0.91498319E-14 0.79315061E+00 0.20684939E+00
 0.18421081E-14 0.70634448E-14 0.79315062E+00 0.20684938E+00
 0.59588343E-15 0.83096694E-14 0.93308855E+00 0.66911447E-01
 0.56544768E-13 0.40547909E-14 0.66911228E-01 0.93308877E+00
 0.46296094E-13 0.12073799E-13 0.20684977E+00 0.79315023E+00
 0.40474485E-13 0.10555551E-13 0.20684977E+00 0.79315023E+00
 0.33757739E-14 0.12944187E-13 0.79315061E+00 0.20684939E+00
 0.33757739E-14 0.12944187E-13 0.79315061E+00 0.20684939E+00
 0.16491656E-13 0.43009448E-14 0.20684977E+00 0.79315023E+00
 0.55472980E-14 0.14467087E-14 0.20684977E+00 0.79315023E+00
 0.41150687E-14 0.70808047E-14 0.63244773E+00 0.36755227E+00
 0.22612085E-13 0.13141147E-13 0.36755130E+00 0.63244870E+00
 0.32732562E-14 0.56322967E-14 0.63244773E+00 0.36755227E+00
 0.10078230E-13 0.58570226E-14 0.36755130E+00 0.63244870E+00
 0.29409369E-14 0.50604743E-14 0.63244772E+00 0.36755228E+00
 0.13316048E-13 0.77387002E-14 0.36755131E+00 0.63244869E+00
 0.54554271E-14 0.93871610E-14 0.63244772E+00 0.36755228E+00
 0.13316048E-13 0.77387002E-14 0.36755131E+00 0.63244869E+00
 0.11424976E-13 0.85064998E-14 0.42678726E+00 0.57321274E+00
 0.34148862E-14 0.45865250E-14 0.57321451E+00 0.42678549E+00
 0.91342894E-14 0.68009628E-14 0.42678727E+00 0.57321273E+00
 0.47782364E-14 0.64176370E-14 0.57321450E+00 0.42678550E+00
 0.13457756E-13 0.10020013E-13 0.42678727E+00 0.57321273E+00
 0.84504433E-14 0.11349769E-13 0.57321450E+00 0.42678550E+00
 0.13457756E-13 0.10020013E-13 0.42678727E+00 0.57321273E+00
 0.68009346E-14 0.91343176E-14 0.57321450E+00 0.42678550E+00
 0.14300031E-13 0.20199302E-14 0.12377053E+00 0.87622947E+00
 0.17597048E-14 0.12457845E-13 0.87623009E+00 0.12376991E+00
 0.14300031E-13 0.20199302E-14 0.12377053E+00 0.87622947E+00
 0.52487593E-15 0.37158635E-14 0.87623009E+00 0.12376991E+00
 0.14300031E-13 0.20199302E-14 0.12377053E+00 0.87622947E+00
 0.26059443E-14 0.18448804E-13 0.87623009E+00 0.12376991E+00
 0.26382612E-13 0.37266379E-14 0.12377053E+00 0.87622947E+00
 0.24669169E-14 0.17464559E-13 0.87623009E+00 0.12376991E+00
 0.26382612E-13 0.37266379E-14 0.12377053E+00 0.87622947E+00
 0.32593063E-14 0.23074286E-13 0.87623009E+00 0.12376991E+00
 0.27044218E-13 0.38200921E-14 0.12377053E+00 0.87622947E+00
 0.35691564E-14 0.25267872E-13 0.87623009E+00 0.12376991E+00
 0.43183254E-14 0.69936813E+00 0.30063187E+00 0.17848620E-14
 0.43183318E-14 0.69936917E+00 0.30063083E+00 0.17848558E-14
 0.41521732E-14 0.69936813E+00 0.30063187E+00 0.23508021E-14
 0.41521794E-14 0.69936917E+00 0.30063083E+00 0.23507939E-14
 0.15250292E-13 0.69936813E+00 0.30063187E+00 0.65555228E-14
 0.15250315E-13 0.69936917E+00 0.30063083E+00 0.65555001E-14
 0.54687351E-14 0.69936813E+00 0.30063187E+00 0.18562845E-14
 0.54687433E-14 0.69936917E+00 0.30063083E+00 0.18562781E-14
 0.43183254E-14 0.69936813E+00 0.30063187E+00 0.17848620E-14
 0.43183318E-14 0.69936917E+00 0.30063083E+00 0.17848558E-14
 0.41521732E-14 0.69936813E+00 0.30063187E+00 0.20557168E-14
 0.41521794E-14 0.69936917E+00 0.30063083E+00 0.20557097E-14
 0.22830822E-14 0.33388221E+00 0.66611779E+00 0.41130175E-14
 0.22830798E-14 0.33388186E+00 0.66611814E+00 0.41130196E-14
 0.71021555E-14 0.33388220E+00 0.66611780E+00 0.14303807E-13
 0.71021482E-14 0.33388186E+00 0.66611814E+00 0.14303814E-13
 0.22830821E-14 0.33388220E+00 0.66611780E+00 0.41130175E-14
 0.22830797E-14 0.33388185E+00 0.66611815E+00 0.41130197E-14
 0.20615923E-14 0.33388220E+00 0.66611780E+00 0.41130175E-14
 0.20615902E-14 0.33388185E+00 0.66611815E+00 0.41130197E-14
 0.20615923E-14 0.33388220E+00 0.66611780E+00 0.41130175E-14
 0.20615902E-14 0.33388185E+00 0.66611815E+00 0.41130197E-14
 0.71021555E-14 0.33388220E+00 0.66611780E+00 0.14303807E-13
 0.71021481E-14 0.33388185E+00 0.66611815E+00 0.14303814E-13
 0.22830821E-14 0.33388220E+00 0.66611780E+00 0.41130175E-14
 0.22830797E-14 0.33388185E+00 0.66611815E+00 0.41130197E-14
 0.15355635E-27 0.24868996E-13 0.10000000E+01 0.59370352E-14
 0.15355635E-27 0.24868996E-13 0.10000000E+01 0.59370352E-14
 0.14764810E-27 0.24868996E-13 0.10000000E+01 0.59370352E-14
 0.14764810E-27 0.24868996E-13 0.10000000E+01 0.59370352E-14
 0.17005387E-27 0.28642893E-13 0.10000000E+01 0.68379869E-14
 0.17005387E-27 0.28642893E-13 0.10000000E+01 0.68379869E-14
 0.19314783E-26 0.89947526E-13 0.10000000E+01 0.21473389E-13
 0.19314783E-26 0.89947526E-13 0.10000000E+01 0.21473389E-13
 0.17005387E-27 0.24868996E-13 0.10000000E+01 0.59370352E-14
 0.17005387E-27 0.24868996E-13 0.10000000E+01 0.59370352E-14
 0.14764810E-27 0.24868996E-13 0.10000000E+01 0.59370352E-14
 0.14764810E-27 0.24868996E-13 0.10000000E+01 0.59370352E-14
 0.45548807E-14 0.66611427E+00 0.33388573E+00 0.22831062E-14
 0.45549059E-14 0.66611796E+00 0.33388204E+00 0.22830810E-14
 0.14303731E-13 0.66611427E+00 0.33388573E+00 0.70796119E-14
 0.14303810E-13 0.66611796E+00 0.33388204E+00 0.70795337E-14
 0.39547439E-14 0.66611427E+00 0.33388573E+00 0.19822913E-14
 0.39547658E-14 0.66611796E+00 0.33388204E+00 0.19822694E-14
 0.39547439E-14 0.66611427E+00 0.33388573E+00 0.19822913E-14
 0.39547658E-14 0.66611796E+00 0.33388204E+00 0.19822694E-14
 0.39547439E-14 0.66611427E+00 0.33388573E+00 0.22831062E-14
 0.39547658E-14 0.66611796E+00 0.33388204E+00 0.22830810E-14
 0.14303731E-13 0.66611427E+00 0.33388573E+00 0.70796119E-14
 0.14303810E-13 0.66611795E+00 0.33388205E+00 0.70795338E-14
 0.39547439E-14 0.66611427E+00 0.33388573E+00 0.22831063E-14
 0.39547658E-14 0.66611795E+00 0.33388205E+00 0.22830811E-14
 0.20557397E-14 0.30063522E+00 0.69936478E+00 0.41521533E-14
 0.20557127E-14 0.30063127E+00 0.69936873E+00 0.41521768E-14
 0.17848819E-14 0.30063522E+00 0.69936478E+00 0.47822472E-14
 0.17848585E-14 0.30063127E+00 0.69936873E+00 0.47822742E-14
 0.20557397E-14 0.30063522E+00 0.69936478E+00 0.47822472E-14
 0.20557127E-14 0.30063127E+00 0.69936873E+00 0.47822742E-14
 0.64556572E-14 0.30063522E+00 0.69936478E+00 0.15017732E-13
 0.64555724E-14 0.30063127E+00 0.69936873E+00 0.15017817E-13
 0.20557397E-14 0.30063522E+00 0.69936478E+00 0.41521533E-14
 0.20557127E-14 0.30063127E+00 0.69936873E+00 0.41521768E-14
 0.17848819E-14 0.30063522E+00 0.69936478E+00 0.41521533E-14
 0.17848585E-14 0.30063127E+00 0.69936873E+00 0.41521768E-14
 0.26382630E-13 0.37266198E-14 0.12376993E+00 0.87623007E+00
 0.32593068E-14 0.23074285E-13 0.87623007E+00 0.12376993E+00
 0.27044237E-13 0.38200735E-14 0.12376993E+00 0.87623007E+00
 0.32593068E-14 0.23074285E-13 0.87623007E+00 0.12376993E+00
 0.27044237E-13 0.38200735E-14 0.12376993E+00 0.87623007E+00
 0.24669173E-14 0.17464558E-13 0.87623007E+00 0.12376993E+00
 0.14300041E-13 0.20199204E-14 0.12376993E+00 0.87623007E+00
 0.26059447E-14 0.18448804E-13 0.87623007E+00 0.12376993E+00
 0.14300041E-13 0.20199204E-14 0.12376993E+00 0.87623007E+00
 0.52487602E-15 0.37158634E-14 0.87623007E+00 0.12376993E+00
 0.14300041E-13 0.20199204E-14 0.12376993E+00 0.87623007E+00
 0.99033410E-15 0.70110771E-14 0.87623007E+00 0.12376993E+00
 0.13457756E-13 0.10020013E-13 0.42678726E+00 0.57321274E+00
 0.68009344E-14 0.91343177E-14 0.57321451E+00 0.42678549E+00
 0.12883483E-13 0.95924360E-14 0.42678726E+00 0.57321274E+00
 0.68009344E-14 0.91343177E-14 0.57321451E+00 0.42678549E+00
 0.91342895E-14 0.68009626E-14 0.42678726E+00 0.57321274E+00
 0.94824904E-14 0.12735909E-13 0.57321451E+00 0.42678549E+00
 0.11424976E-13 0.85064996E-14 0.42678725E+00 0.57321275E+00
 0.34148861E-14 0.45865251E-14 0.57321452E+00 0.42678548E+00
 0.54554215E-14 0.93871666E-14 0.63244810E+00 0.36755190E+00
 0.13316056E-13 0.77386922E-14 0.36755093E+00 0.63244907E+00
 0.15586918E-14 0.26820476E-14 0.63244810E+00 0.36755190E+00
 0.15250006E-13 0.88626167E-14 0.36755093E+00 0.63244907E+00
 0.41150645E-14 0.70808090E-14 0.63244811E+00 0.36755189E+00
 0.10078236E-13 0.58570166E-14 0.36755092E+00 0.63244908E+00
 0.32732528E-14 0.56323000E-14 0.63244811E+00 0.36755189E+00
 0.21355600E-13 0.12410913E-13 0.36755092E+00 0.63244908E+00
 0.33757794E-14 0.12944182E-13 0.79315028E+00 0.20684972E+00
 0.30701852E-14 0.11772403E-13 0.79315028E+00 0.20684972E+00
 0.11276653E-13 0.29408961E-14 0.20684972E+00 0.79315028E+00
 0.55472984E-14 0.14467083E-14 0.20684972E+00 0.79315028E+00
 0.19298307E-14 0.73997961E-14 0.79315028E+00 0.20684972E+00
 0.18421111E-14 0.70634418E-14 0.79315028E+00 0.20684972E+00
 0.59588359E-15 0.83096693E-14 0.93308853E+00 0.66911466E-01
 0.93308833E+00 0.66911610E-01 0.40294549E-08 0.56191106E-07
 0.79314964E+00 0.20685018E+00 0.38508429E-07 0.14765734E-06
 0.79314963E+00 0.20685018E+00 0.38508409E-07 0.14765726E-06
 0.29193595E-14 0.40710822E-13 0.93308853E+00 0.66911467E-01
 0.16134109E-14 0.22499211E-13 0.93308853E+00 0.66911467E-01
 0.10860778E-14 0.15145487E-13 0.93308853E+00 0.66911466E-01
 0.65260275E-14 0.46797920E-15 0.66911461E-01 0.93308854E+00
 0.39569854E-14 0.28375407E-15 0.66911461E-01 0.93308854E+00
 0.93308833E+00 0.66911611E-01 0.40294603E-08 0.56191181E-07
 0.65263425E-15 0.91010665E-14 0.93308855E+00 0.66911449E-01
 0.35758636E-14 0.49865867E-13 0.93308855E+00 0.66911449E-01
 0.13623148E-14 0.18997652E-13 0.93308855E+00 0.66911447E-01
 0.25324713E-13 0.18160198E-14 0.66911229E-01 0.93308877E+00
 0.11086626E-13 0.79501519E-15 0.66911229E-01 0.93308877E+00
 0.15951122E-13 0.11438453E-14 0.66911229E-01 0.93308877E+00
 0.46050615E-14 0.17657811E-13 0.79315061E+00 0.20684939E+00
 0.87719434E-16 0.33635451E-15 0.79315062E+00 0.20684938E+00
 0.28375401E-16 0.39569854E-15 0.93308855E+00 0.66911447E-01
 0.63435317E-14 0.45489080E-15 0.66911228E-01 0.93308877E+00
 0.43726065E-14 0.11403548E-14 0.20684977E+00 0.79315023E+00
 0.42044293E-13 0.10964950E-13 0.20684977E+00 0.79315023E+00
 0.11054389E-13 0.42387341E-13 0.79315061E+00 0.20684939E+00
 0.32456191E-14 0.12445117E-13 0.79315061E+00 0.20684939E+00
 0.77361500E-14 0.20175508E-14 0.20684977E+00 0.79315023E+00
 0.21526678E-13 0.56140543E-14 0.20684977E+00 0.79315023E+00
 0.49902538E-14 0.85867370E-14 0.63244773E+00 0.36755227E+00
 0.42912803E-14 0.24939029E-14 0.36755130E+00 0.63244870E+00
 0.15586934E-15 0.26820460E-15 0.63244773E+00 0.36755227E+00
 0.13337639E-13 0.77512476E-14 0.36755130E+00 0.63244870E+00
 0.43671242E-14 0.75145166E-14 0.63244772E+00 0.36755228E+00
 0.13120133E-13 0.76248431E-14 0.36755131E+00 0.63244869E+00
 0.62832942E-14 0.10811673E-13 0.63244772E+00 0.36755228E+00
 0.35912441E-13 0.20870728E-13 0.36755131E+00 0.63244869E+00
 0.97990530E-14 0.72959142E-14 0.42678726E+00 0.57321274E+00
 0.50709119E-14 0.68107289E-14 0.57321451E+00 0.42678549E+00
 0.83961007E-14 0.62513422E-14 0.42678727E+00 0.57321273E+00
 0.86893384E-14 0.11670628E-13 0.57321450E+00 0.42678550E+00
 0.78392423E-14 0.58367315E-14 0.42678727E+00 0.57321273E+00
 0.37311758E-14 0.50113326E-14 0.57321450E+00 0.42678550E+00
 0.68063683E-14 0.50677021E-14 0.42678727E+00 0.57321273E+00
 0.37311758E-14 0.50113326E-14 0.57321450E+00 0.42678550E+00
 0.13748685E-13 0.19420507E-14 0.12377053E+00 0.87622947E+00
 0.27937012E-14 0.19778030E-13 0.87623009E+00 0.12376991E+00
 0.47946126E-13 0.67725609E-14 0.12377053E+00 0.87622947E+00
 0.14705896E-14 0.10411051E-13 0.87623009E+00 0.12376991E+00
 0.47946126E-13 0.67725609E-14 0.12377053E+00 0.87622947E+00
 0.21158425E-14 0.14979125E-13 0.87623009E+00 0.12376991E+00
 0.85464800E-14 0.12072207E-14 0.12377053E+00 0.87622947E+00
 0.21158425E-14 0.14979125E-13 0.87623009E+00 0.12376991E+00
 0.87622997E+00 0.12376989E+00 0.17728735E-07 0.12551072E-06
 0.26243797E-14 0.18579318E-13 0.87623009E+00 0.12376991E+00
 0.87622997E+00 0.12376989E+00 0.17728734E-07 0.12551072E-06
 0.27554737E-14 0.19507399E-13 0.87623009E+00 0.12376991E+00
 0.69936806E+00 0.70060663E-07 0.30116425E-07 0.30063184E+00
 0.13263651E-13 0.69936917E+00 0.30063083E+00 0.57015127E-14
 0.69936806E+00 0.70060682E-07 0.30116433E-07 0.30063184E+00
 0.66649020E-14 0.69936917E+00 0.30063083E+00 0.28649747E-14
 0.69936806E+00 0.70060682E-07 0.30116433E-07 0.30063184E+00
 0.66649020E-14 0.69936917E+00 0.30063083E+00 0.28649747E-14
 0.69936806E+00 0.70060663E-07 0.30116425E-07 0.30063184E+00
 0.13263651E-13 0.69936917E+00 0.30063083E+00 0.56326791E-14
 0.63402415E-14 0.69936857E+00 0.30063143E+00 0.26772891E-14
 0.63402470E-14 0.69936917E+00 0.30063083E+00 0.26772837E-14
 0.62282638E-14 0.69936857E+00 0.30063143E+00 0.26772891E-14
 0.62282691E-14 0.69936917E+00 0.30063083E+00 0.26772837E-14
 0.62299928E-14 0.33388221E+00 0.66611779E+00 0.13225524E-13
 0.62299863E-14 0.33388186E+00 0.66611814E+00 0.13225531E-13
 0.37381029E-14 0.33388220E+00 0.66611780E+00 0.60388011E-14
 0.37380990E-14 0.33388186E+00 0.66611814E+00 0.60388043E-14
 0.30268644E-14 0.33388220E+00 0.66611780E+00 0.60388011E-14
 0.30268612E-14 0.33388185E+00 0.66611815E+00 0.60388043E-14
 0.30268644E-14 0.33388220E+00 0.66611780E+00 0.60388011E-14
 0.30268612E-14 0.33388185E+00 0.66611815E+00 0.60388043E-14
 0.62556835E-14 0.33388220E+00 0.66611780E+00 0.12633033E-13
 0.62556769E-14 0.33388185E+00 0.66611815E+00 0.12633040E-13
 0.31818562E-14 0.33388220E+00 0.66611780E+00 0.68323572E-14
 0.31818529E-14 0.33388185E+00 0.66611815E+00 0.68323608E-14
 0.34246232E-14 0.33388220E+00 0.66611780E+00 0.63480205E-14
 0.34246196E-14 0.33388185E+00 0.66611815E+00 0.63480238E-14
 0.14823115E-26 0.78159701E-13 0.10000000E+01 0.18659254E-13
 0.14823115E-26 0.78159701E-13 0.10000000E+01 0.18659254E-13
 0.33818100E-27 0.37974172E-13 0.10000000E+01 0.90656655E-14
 0.33818100E-27 0.37974172E-13 0.10000000E+01 0.90656655E-14
 0.34426114E-27 0.37974172E-13 0.10000000E+01 0.90656655E-14
 0.34426114E-27 0.37974172E-13 0.10000000E+01 0.90656655E-14
 0.14644157E-26 0.78159701E-13 0.10000000E+01 0.18659254E-13
 0.14644157E-26 0.78159701E-13 0.10000000E+01 0.18659254E-13
 0.33220823E-27 0.37303494E-13 0.10000000E+01 0.89055529E-14
 0.33220823E-27 0.37303494E-13 0.10000000E+01 0.89055529E-14
 0.33220823E-27 0.37303494E-13 0.10000000E+01 0.89055529E-14
 0.33220823E-27 0.37303494E-13 0.10000000E+01 0.89055529E-14
 0.63479869E-14 0.66611427E+00 0.33388573E+00 0.31818898E-14
 0.63480220E-14 0.66611796E+00 0.33388204E+00 0.31818546E-14
 0.63479869E-14 0.66611427E+00 0.33388573E+00 0.31818898E-14
 0.63480220E-14 0.66611796E+00 0.33388204E+00 0.31818546E-14
 0.12632966E-13 0.66611427E+00 0.33388573E+00 0.63321973E-14
 0.12633036E-13 0.66611796E+00 0.33388204E+00 0.63321274E-14
 0.23835833E-13 0.66611427E+00 0.33388573E+00 0.11947566E-13
 0.23835965E-13 0.66611796E+00 0.33388204E+00 0.11947434E-13
 0.12632966E-13 0.66611427E+00 0.33388573E+00 0.62300584E-14
 0.12633036E-13 0.66611796E+00 0.33388204E+00 0.62299896E-14
 0.12429195E-13 0.66611427E+00 0.33388573E+00 0.62300584E-14
 0.12429264E-13 0.66611795E+00 0.33388205E+00 0.62299898E-14
 0.23728463E-13 0.66611427E+00 0.33388573E+00 0.12107585E-13
 0.23728595E-13 0.66611795E+00 0.33388205E+00 0.12107452E-13
 0.59690020E-14 0.30063522E+00 0.69936478E+00 0.13049625E-13
 0.59689236E-14 0.30063127E+00 0.69936873E+00 0.13049698E-13
 0.56096288E-14 0.30063522E+00 0.69936478E+00 0.13885631E-13
 0.56095552E-14 0.30063127E+00 0.69936873E+00 0.13885709E-13
 0.10901833E-13 0.30063522E+00 0.69936478E+00 0.24912920E-13
 0.10901690E-13 0.30063127E+00 0.69936873E+00 0.24913061E-13
 0.56096288E-14 0.30063522E+00 0.69936478E+00 0.13263567E-13
 0.56095552E-14 0.30063127E+00 0.69936873E+00 0.13263642E-13
 0.57015961E-14 0.30063522E+00 0.69936478E+00 0.13263567E-13
 0.57015212E-14 0.30063127E+00 0.69936873E+00 0.13263642E-13
 0.10757750E-13 0.30063522E+00 0.69936478E+00 0.25025649E-13
 0.10757609E-13 0.30063127E+00 0.69936873E+00 0.25025790E-13
 0.10411051E-13 0.14705898E-14 0.12376993E+00 0.87623007E+00
 0.27554741E-14 0.19507398E-13 0.87623007E+00 0.12376993E+00
 0.14643520E-13 0.20684378E-14 0.12376993E+00 0.87623007E+00
 0.31158367E-14 0.22058587E-13 0.87623007E+00 0.12376993E+00
 0.14643520E-13 0.20684378E-14 0.12376993E+00 0.87623007E+00
 0.25676042E-14 0.18177372E-13 0.87623007E+00 0.12376993E+00
 0.46448293E-13 0.65609503E-14 0.12376993E+00 0.87623007E+00
 0.19420413E-14 0.13748695E-13 0.87623007E+00 0.12376993E+00
 0.46827251E-13 0.66144792E-14 0.12376993E+00 0.87623007E+00
 0.14705898E-14 0.10411051E-13 0.87623007E+00 0.12376993E+00
 0.14979124E-13 0.21158429E-14 0.12376993E+00 0.87623007E+00
 0.27937016E-14 0.19778030E-13 0.87623007E+00 0.12376993E+00
 0.10336098E-13 0.76957731E-14 0.42678726E+00 0.57321274E+00
 0.62513161E-14 0.83961268E-14 0.57321451E+00 0.42678549E+00
 0.10336098E-13 0.76957731E-14 0.42678726E+00 0.57321274E+00
 0.37311757E-14 0.50113326E-14 0.57321451E+00 0.42678549E+00
 0.50113171E-14 0.37311912E-14 0.42678726E+00 0.57321274E+00
 0.29014681E-14 0.38969544E-14 0.57321451E+00 0.42678549E+00
 0.11891285E-13 0.88536914E-14 0.42678725E+00 0.57321275E+00
 0.12308556E-13 0.16531591E-13 0.57321452E+00 0.42678548E+00
 0.62832877E-14 0.10811680E-13 0.63244810E+00 0.36755190E+00
 0.35912462E-13 0.20870706E-13 0.36755093E+00 0.63244907E+00
 0.35849912E-14 0.61687095E-14 0.63244810E+00 0.36755190E+00
 0.10811696E-13 0.62832711E-14 0.36755093E+00 0.63244907E+00
 0.24987731E-14 0.42996495E-14 0.63244811E+00 0.36755189E+00
 0.55291914E-14 0.32133170E-14 0.36755092E+00 0.63244908E+00
 0.15586918E-15 0.26820476E-15 0.63244811E+00 0.36755189E+00
 0.60687904E-14 0.35269076E-14 0.36755092E+00 0.63244908E+00
 0.10964947E-13 0.42044296E-13 0.79315028E+00 0.20684972E+00
 0.35360892E-14 0.13558878E-13 0.79315028E+00 0.20684972E+00
 0.22874570E-13 0.59655762E-14 0.20684972E+00 0.79315028E+00
 0.22189193E-13 0.57868333E-14 0.20684972E+00 0.79315028E+00
 0.46050689E-14 0.17657804E-13 0.79315028E+00 0.20684972E+00
 0.28083967E-14 0.10768594E-13 0.79315028E+00 0.20684972E+00
 0.45489241E-15 0.63435301E-14 0.93308853E+00 0.66911466E-01
 0.18997648E-13 0.13623182E-14 0.66911614E-01 0.93308839E+00
 0.69341230E-14 0.18083854E-14 0.20684972E+00 0.79315028E+00
 0.42044296E-13 0.10964947E-13 0.20684972E+00 0.79315028E+00
 0.79501802E-15 0.11086623E-13 0.93308853E+00 0.66911467E-01
 0.36613076E-14 0.51057379E-13 0.93308853E+00 0.66911467E-01
 0.28375409E-16 0.39569854E-15 0.93308853E+00 0.66911466E-01
 0.28313878E-13 0.20303835E-14 0.66911615E-01 0.93308838E+00
 0.11086621E-13 0.79501978E-15 0.66911615E-01 0.93308838E+00
 0.14640843E-13 0.10498925E-14 0.66911615E-01 0.93308838E+00
 0.35098438E-14 0.48945212E-13 0.93308855E+00 0.66911449E-01
 0.22132816E-14 0.30864490E-13 0.93308855E+00 0.66911449E-01
 0.13248610E-14 0.18475353E-13 0.93308855E+00 0.66911447E-01
 0.12760899E-13 0.91507632E-15 0.66911229E-01 0.93308877E+00
 0.26860917E-13 0.19261801E-14 0.66911229E-01 0.93308877E+00
 0.31507158E-13 0.22593592E-14 0.66911229E-01 0.93308877E+00
 0.49404040E-14 0.18943660E-13 0.79315061E+00 0.20684939E+00
 0.32961974E-14 0.12639057E-13 0.79315062E+00 0.20684938E+00
 0.37438333E-14 0.52208227E-13 0.93308855E+00 0.66911447E-01
 0.14869007E-13 0.10662474E-14 0.66911228E-01 0.93308877E+00
 0.22189195E-13 0.57868353E-14 0.20684977E+00 0.79315023E+00
 0.28357687E-13 0.73955486E-14 0.20684977E+00 0.79315023E+00
 0.75009102E-14 0.28761756E-13 0.79315061E+00 0.20684939E+00
 0.68421167E-14 0.26235655E-13 0.79315061E+00 0.20684939E+00
 0.38344400E-13 0.10000035E-13 0.20684977E+00 0.79315023E+00
 0.47875885E-13 0.12485801E-13 0.20684977E+00 0.79315023E+00
 0.72776137E-14 0.12522600E-13 0.63244773E+00 0.36755227E+00
 0.10728202E-14 0.62347579E-15 0.36755130E+00 0.63244870E+00
 0.21307974E-13 0.36664662E-13 0.63244773E+00 0.36755227E+00
 0.26284095E-13 0.15275157E-13 0.36755130E+00 0.63244870E+00
 0.18455880E-13 0.31757059E-13 0.63244772E+00 0.36755228E+00
 0.66653135E-13 0.38735865E-13 0.36755131E+00 0.63244869E+00
 0.12410960E-13 0.21355557E-13 0.63244772E+00 0.36755228E+00
 0.20919993E-13 0.12157778E-13 0.36755131E+00 0.63244869E+00
 0.20419108E-13 0.15203108E-13 0.42678726E+00 0.57321274E+00
 0.23661797E-13 0.31780100E-13 0.57321451E+00 0.42678549E+00
 0.25060125E-13 0.18658592E-13 0.42678727E+00 0.57321273E+00
 0.23166545E-13 0.31114926E-13 0.57321450E+00 0.42678550E+00
 0.66126163E-14 0.49234435E-14 0.42678727E+00 0.57321273E+00
 0.12950492E-13 0.17393773E-13 0.57321450E+00 0.42678550E+00
 0.94396988E-14 0.70283563E-14 0.42678727E+00 0.57321273E+00
 0.12950492E-13 0.17393773E-13 0.57321450E+00 0.42678550E+00
 0.31213235E-13 0.44089805E-14 0.12377053E+00 0.87622947E+00
 0.11409022E-13 0.80770267E-13 0.87623009E+00 0.12376991E+00
 0.87622997E+00 0.12376989E+00 0.17728731E-07 0.12551070E-06
 0.11253420E-13 0.79668678E-13 0.87623009E+00 0.12376991E+00
 0.87622997E+00 0.12376989E+00 0.17728731E-07 0.12551070E-06
 0.13258496E-13 0.93863635E-13 0.87623009E+00 0.12376991E+00
 0.87622997E+00 0.12376989E+00 0.17728741E-07 0.12551077E-06
 0.13043987E-13 0.92345013E-13 0.87623009E+00 0.12376991E+00
 0.87622997E+00 0.12376989E+00 0.17728742E-07 0.12551077E-06
 0.32946161E-14 0.23324262E-13 0.87623009E+00 0.12376991E+00
 0.87622997E+00 0.12376989E+00 0.17728743E-07 0.12551078E-06
 0.37922064E-14 0.26846956E-13 0.87623009E+00 0.12376991E+00
 0.10937478E-13 0.69936857E+00 0.30063143E+00 0.47015978E-14
 0.10937488E-13 0.69936917E+00 0.30063083E+00 0.47015884E-14
 0.92084444E-14 0.69936857E+00 0.30063143E+00 0.38585467E-14
